1 0.16484375 0.50390625 0.0923828125 0.1017578125
1 0.40390625 0.87421875 0.1517578125 0.1955078125
1 0.4515625 0.6078125 0.271484375 0.227734375
1 0.38125 0.90859375 0.190625 0.1828125
1 0.33515625 0.21015625 0.1 0.0794921875
1 0.22265625 0.5578125 0.0888671875 0.115234375
1 0.22421875 0.85234375 0.10625 0.2044921875
1 0.24765625 0.65859375 0.1515625 0.1421875
1 0.1234375 0.65234375 0.121484375 0.128125
1 0.11328125 0.3453125 0.1111328125 0.090234375
1 0.08671875 0.17109375 0.1734375 0.1453125
1 0.05 0.596875 0.0970703125 0.1220703125