1 0.29375 0.69765625 0.071875 0.1359375
1 0.853125 0.1734375 0.1125 0.184375
1 0.80625 0.540625 0.0875 0.146875
1 0.8015625 0.871875 0.0875 0.140625
1 0.79765625 0.36328125 0.1046875 0.1609375
1 0.771875 0.2 0.071875 0.125
1 0.771875 0.70703125 0.10625 0.1359375
1 0.72890625 0.54375 0.0734375 0.140625
1 0.70234375 0.1984375 0.0640625 0.121875
1 0.70859375 0.88828125 0.0953125 0.1015625
1 0.69921875 0.35234375 0.0953125 0.1578125
1 0.67890625 0.71796875 0.0890625 0.1203125
1 0.65546875 0.36875 0.0640625 0.115625
1 0.6546875 0.5375 0.08125 0.1375
1 0.63125 0.87421875 0.05 0.1296875
1 0.59765625 0.35546875 0.0828125 0.1484375
1 0.59609375 0.71953125 0.0796875 0.1140625
1 0.57265625 0.87734375 0.0640625 0.1234375
1 0.57265625 0.53515625 0.0796875 0.1421875
1 0.55234375 0.36796875 0.0578125 0.1109375
1 0.59765625 0.184375 0.1578125 0.1375
1 0.51640625 0.6890625 0.0953125 0.1625
1 0.503125 0.86015625 0.084375 0.1515625
1 0.49453125 0.53984375 0.0734375 0.1296875
1 0.49921875 0.3484375 0.0953125 0.140625
1 0.475 0.17265625 0.09375 0.1546875
1 0.4453125 0.70859375 0.0625 0.1171875
1 0.45703125 0.86015625 0.0953125 0.1578125
1 0.41953125 0.36015625 0.0640625 0.1109375
1 0.42421875 0.52890625 0.0765625 0.1453125
1 0.40625 0.85546875 0.103125 0.1640625
1 0.375 0.715625 0.084375 0.109375
1 0.3765625 0.1671875 0.109375 0.159375
1 0.35 0.353125 0.08125 0.1375
1 0.34296875 0.5234375 0.0890625 0.14375
1 0.27578125 0.35 0.0703125 0.125
1 0.26953125 0.53046875 0.0671875 0.1265625
1 0.27890625 0.16640625 0.1109375 0.1546875
1 0.2625 0.8734375 0.078125 0.125
1 0.22578125 0.69921875 0.0734375 0.1296875
1 0.2046875 0.528125 0.065625 0.121875
1 0.20390625 0.34453125 0.0765625 0.1328125
1 0.1859375 0.16953125 0.1125 0.1390625
1 0.16015625 0.69296875 0.0734375 0.1359375
1 0.13203125 0.34765625 0.0734375 0.1296875
1 0.13828125 0.51484375 0.0984375 0.1515625
1 0.10625 0.85625 0.078125 0.13125
1 0.0625 0.34921875 0.071875 0.1109375
1 0.0625 0.50859375 0.09375 0.1515625
1 0.06796875 0.675 0.1078125 0.146875
1 0.07265625 0.14140625 0.1078125 0.1828125
1 0.1890625 0.87109375 0.078125 0.1390625
1 0.0609375 0.8390625 0.09375 0.159375
1 0.3328125 0.8859375 0.053125 0.1
1 0.8875 0.71015625 0.13125 0.1203125
1 0.89296875 0.8546875 0.1015625 0.15
1 0.89921875 0.53203125 0.1140625 0.1515625
1 0.9 0.3640625 0.103125 0.15
1 0.9359375 0.2109375 0.071875 0.11875