1 0.215625 0.29453125 0.171875 0.1734375
1 0.20234375 0.48359375 0.2140625 0.2109375
1 0.178125 0.0828125 0.171875 0.15625
1 0.165625 0.759375 0.2625 0.346875
1 0.0828125 0.28046875 0.1625 0.1796875
1 0.08125 0.49765625 0.159375 0.2109375
1 0.515625 0.30078125 0.140625 0.1421875
1 0.3796875 0.4859375 0.175 0.215625
1 0.5578125 0.490625 0.178125 0.21875
1 0.37890625 0.77890625 0.2265625 0.3140625
1 0.59296875 0.76640625 0.2140625 0.3265625
1 0.65625 0.29296875 0.165625 0.1609375
1 0.71640625 0.48046875 0.1984375 0.2234375
1 0.815625 0.28203125 0.225 0.1859375
1 0.8859375 0.46640625 0.228125 0.2546875
1 0.7875 0.7515625 0.2375 0.303125