1 0.61875 0.48515625 0.103125 0.1828125
1 0.29375 0.1875 0.15625 0.221875
1 0.06328125 0.78125 0.0734375 0.140625
1 0.10390625 0.19609375 0.1265625 0.1796875
1 0.109375 0.48515625 0.115625 0.1828125
1 0.12734375 0.77109375 0.0828125 0.1453125
1 0.20546875 0.22421875 0.0703125 0.1234375
1 0.23828125 0.48046875 0.1046875 0.1796875
1 0.31953125 0.77109375 0.0921875 0.1671875
1 0.375 0.49609375 0.096875 0.1484375
1 0.42265625 0.209375 0.1140625 0.1625
1 0.41015625 0.76328125 0.0703125 0.1515625
1 0.49921875 0.76171875 0.1171875 0.1421875
1 0.49921875 0.49140625 0.1046875 0.1703125
1 0.5234375 0.24140625 0.075 0.1265625
1 0.6015625 0.77109375 0.071875 0.1296875
1 0.9671875 0.76875 0.065625 0.128125
1 0.90390625 0.76640625 0.0640625 0.1296875
1 0.90703125 0.5015625 0.1046875 0.153125
1 0.884375 0.24375 0.075 0.1125
1 0.8296875 0.77265625 0.0875 0.1328125
1 0.81484375 0.509375 0.0703125 0.134375
1 0.75703125 0.78125 0.0859375 0.153125
1 0.74375 0.209375 0.115625 0.196875
1 0.7265625 0.49765625 0.096875 0.1578125
1 0.68125 0.78125 0.071875 0.121875
1 0.60390625 0.79296875 0.0546875 0.1078125
1 0.62578125 0.21328125 0.1203125 0.1921875