1 0.77734375 0.67734375 0.2234375 0.3265625
1 0.89453125 0.55 0.1765625 0.334375
1 0.85234375 0.48046875 0.2609375 0.1765625
1 0.64765625 0.4171875 0.1421875 0.271875
1 0.56328125 0.12421875 0.1015625 0.0421875
1 0.60078125 0.7265625 0.2453125 0.315625
1 0.57109375 0.209375 0.2078125 0.215625
1 0.51796875 0.4421875 0.1234375 0.228125
1 0.50078125 0.7234375 0.1359375 0.2875
1 0.4515625 0.4609375 0.1875 0.296875
1 0.33515625 0.5109375 0.1734375 0.209375
1 0.35703125 0.7640625 0.2453125 0.384375
1 0.32421875 0.309375 0.2015625 0.228125
1 0.19140625 0.63359375 0.1421875 0.3046875
1 0.18828125 0.4609375 0.1484375 0.221875