1 0.54453125 0.86484375 0.1171875 0.2125
1 0.75625 0.24453125 0.1859375 0.2859375
1 0.61875 0.2453125 0.140625 0.2484375
1 0.46171875 0.42734375 0.128125 0.2203125
1 0.63984375 0.47109375 0.09375 0.1859375
1 0.74375 0.48515625 0.103125 0.184375
1 0.865625 0.459375 0.1265625 0.2234375
1 0.846875 0.65078125 0.125 0.2203125
1 0.73828125 0.6734375 0.1140625 0.1625
1 0.634375 0.66171875 0.0984375 0.15625
1 0.4890625 0.6328125 0.1703125 0.2203125
1 0.31875 0.6109375 0.15625 0.2140625
1 0.11640625 0.36171875 0.1609375 0.2296875
1 0.109375 0.5875 0.171875 0.1734375
1 0.20859375 0.621875 0.1484375 0.1703125
1 0.78046875 0.890625 0.1390625 0.21875
1 0.90546875 0.89375 0.15625 0.2125
1 0.66171875 0.871875 0.125 0.23125
1 0.42109375 0.84921875 0.11875 0.203125
1 0.328125 0.84921875 0.134375 0.203125
1 0.13828125 0.81015625 0.1703125 0.2203125
1 0.234375 0.83984375 0.1453125 0.2