1 0.82265625 0.11875 0.1015625 0.165625
1 0.2 0.15703125 0.125 0.1640625
1 0.0625 0.31015625 0.121875 0.1984375
1 0.07265625 0.146875 0.1296875 0.1375
1 0.103125 0.6375 0.190625 0.2625
1 0.12109375 0.40390625 0.1421875 0.2078125
1 0.178125 0.36484375 0.14375 0.2609375
1 0.2359375 0.784375 0.228125 0.359375
1 0.3078125 0.37265625 0.15625 0.2140625
1 0.3046875 0.490625 0.140625 0.228125
1 0.375 0.16171875 0.2125 0.2296875
1 0.4078125 0.821875 0.18125 0.3125
1 0.43671875 0.45 0.1265625 0.2
1 0.5453125 0.14765625 0.1125 0.1203125
1 0.57734375 0.8703125 0.1765625 0.259375
1 0.58046875 0.60703125 0.1640625 0.2421875
1 0.64140625 0.1171875 0.1296875 0.140625
1 0.71328125 0.5234375 0.1703125 0.2625
1 0.77265625 0.85078125 0.2015625 0.2984375
1 0.74609375 0.13125 0.1234375 0.1375
1 0.79140625 0.3046875 0.2046875 0.215625
1 0.91328125 0.8046875 0.1734375 0.390625
1 0.87265625 0.13359375 0.1703125 0.1703125
1 0.88515625 0.48046875 0.2296875 0.2921875