1 0.02890625 0.303125 0.0578125 0.3
1 0.05390625 0.296875 0.1078125 0.290625
1 0.1 0.28828125 0.1078125 0.2859375
1 0.14453125 0.28359375 0.0890625 0.26875
1 0.18046875 0.284375 0.0765625 0.25
1 0.2078125 0.28046875 0.0796875 0.24375
1 0.24140625 0.25 0.0765625 0.28125
1 0.2796875 0.23984375 0.0921875 0.2875
1 0.3265625 0.24609375 0.0984375 0.2546875
1 0.3609375 0.2296875 0.0703125 0.25625
1 0.403125 0.20078125 0.128125 0.30625
1 0.446875 0.2046875 0.1015625 0.2703125
1 0.49140625 0.2078125 0.0953125 0.2375
1 0.5265625 0.18671875 0.1046875 0.2578125
1 0.56328125 0.184375 0.109375 0.2484375
1 0.6140625 0.1609375 0.1390625 0.271875
1 0.6484375 0.1546875 0.10625 0.259375
1 0.67890625 0.14453125 0.1015625 0.2546875
1 0.71484375 0.14765625 0.10625 0.234375
1 0.78125 0.1265625 0.103125 0.2453125
1 0.81015625 0.11953125 0.1078125 0.2390625
1 0.84140625 0.12265625 0.1125 0.221875
1 0.8796875 0.11171875 0.121875 0.2234375
1 0.0875 0.65546875 0.0890625 0.20625
1 0.1234375 0.6375 0.1 0.221875
1 0.16484375 0.62265625 0.0984375 0.2203125
1 0.2078125 0.60546875 0.09375 0.228125
1 0.246875 0.59609375 0.071875 0.2203125
1 0.2734375 0.5953125 0.0609375 0.196875
1 0.296875 0.58828125 0.065625 0.1984375
1 0.31953125 0.58828125 0.053125 0.1859375
1 0.35546875 0.5625 0.0953125 0.2234375
1 0.396875 0.54765625 0.065625 0.2125
1 0.415625 0.5375 0.05625 0.2171875
1 0.43984375 0.5359375 0.071875 0.209375
1 0.4875 0.5296875 0.0984375 0.1953125
1 0.52734375 0.50625 0.075 0.2109375
1 0.559375 0.49453125 0.078125 0.2109375
1 0.5921875 0.490625 0.08125 0.1984375
1 0.61796875 0.49296875 0.065625 0.1765625
1 0.6703125 0.4671875 0.0828125 0.2015625
1 0.69296875 0.4625 0.06875 0.1828125
1 0.71796875 0.45625 0.06875 0.175
1 0.7453125 0.4484375 0.078125 0.178125
1 0.77734375 0.44296875 0.078125 0.171875
1 0.80625 0.4296875 0.0890625 0.1796875
1 0.83359375 0.4203125 0.0734375 0.171875
1 0.85546875 0.41796875 0.0671875 0.1640625
1 0.87890625 0.3984375 0.084375 0.19375
1 0.90234375 0.39375 0.0859375 0.1859375
1 0.934375 0.3828125 0.096875 0.1859375
1 0.13359375 0.9265625 0.0765625 0.146875
1 0.1578125 0.9234375 0.075 0.153125
1 0.18125 0.91328125 0.0875 0.1734375
1 0.21328125 0.90859375 0.0765625 0.1765625
1 0.2484375 0.91015625 0.0734375 0.1609375
1 0.2765625 0.86015625 0.1078125 0.234375
1 0.31640625 0.86796875 0.065625 0.1828125
1 0.34140625 0.86484375 0.0671875 0.1703125
1 0.37109375 0.85625 0.0671875 0.1609375
1 0.39765625 0.84296875 0.0609375 0.16875
1 0.42109375 0.8375 0.0546875 0.1578125
1 0.44140625 0.82890625 0.053125 0.1578125
1 0.46171875 0.8125 0.0671875 0.178125
1 0.49453125 0.79609375 0.0640625 0.184375
1 0.52578125 0.7828125 0.06875 0.184375
1 0.56484375 0.778125 0.0703125 0.165625
1 0.59140625 0.7671875 0.0453125 0.15625
1 0.6109375 0.74765625 0.053125 0.175
1 0.62890625 0.75 0.04375 0.153125
1 0.66796875 0.7234375 0.0640625 0.18125
1 0.690625 0.71640625 0.05 0.1703125
1 0.72265625 0.71015625 0.0609375 0.1625
1 0.74609375 0.696875 0.059375 0.175
1 0.775 0.66640625 0.0984375 0.221875
1 0.809375 0.6734375 0.065625 0.171875
1 0.82890625 0.67421875 0.059375 0.1578125
1 0.84609375 0.66015625 0.0609375 0.171875
1 0.86640625 0.65078125 0.0703125 0.1734375
1 0.88984375 0.6546875 0.059375 0.1453125
1 0.91953125 0.62265625 0.0984375 0.1921875