1 0.19453125 0.40546875 0.1265625 0.3265625
1 0.2234375 0.42109375 0.109375 0.2859375
1 0.25625 0.40234375 0.1203125 0.3234375
1 0.28984375 0.3953125 0.115625 0.309375
1 0.3265625 0.38828125 0.115625 0.321875
1 0.3546875 0.39296875 0.103125 0.3109375
1 0.3765625 0.39140625 0.08125 0.290625
1 0.390625 0.3953125 0.0875 0.278125
1 0.4109375 0.4 0.071875 0.2546875
1 0.4453125 0.3828125 0.1078125 0.3078125
1 0.47734375 0.37421875 0.0890625 0.3
1 0.49609375 0.37265625 0.0796875 0.309375
1 0.51328125 0.3765625 0.090625 0.2953125
1 0.54765625 0.384375 0.109375 0.278125
1 0.584375 0.3671875 0.0984375 0.296875
1 0.61171875 0.3625 0.1015625 0.2953125
1 0.6328125 0.36953125 0.1 0.284375
1 0.65234375 0.3765625 0.084375 0.253125
1 0.69375 0.36171875 0.1078125 0.2890625
1 0.71328125 0.36484375 0.0875 0.2515625
1 0.73046875 0.3625 0.0875 0.2515625
1 0.75 0.3625 0.096875 0.2546875
1 0.7703125 0.36328125 0.084375 0.2421875
1 0.796875 0.35859375 0.1046875 0.2546875
1 0.8203125 0.35625 0.0859375 0.2390625
1 0.83984375 0.35546875 0.0828125 0.2265625
1 0.86015625 0.33984375 0.1 0.26875
1 0.8796875 0.3421875 0.09375 0.2546875
1 0.9015625 0.3421875 0.1015625 0.259375
1 0.13984375 0.8125 0.0859375 0.23125
1 0.15546875 0.81328125 0.08125 0.234375
1 0.18046875 0.80546875 0.1 0.259375
1 0.20234375 0.8015625 0.0890625 0.2453125
1 0.2265625 0.81015625 0.084375 0.2296875
1 0.26640625 0.75390625 0.1234375 0.3265625
1 0.2890625 0.7765625 0.084375 0.2515625
1 0.309375 0.784375 0.0796875 0.2375
1 0.3328125 0.78046875 0.08125 0.2296875
1 0.35390625 0.7734375 0.0734375 0.2265625
1 0.37109375 0.775 0.065625 0.2140625
1 0.3875 0.76875 0.06875 0.2171875
1 0.40859375 0.75078125 0.08125 0.2515625
1 0.43828125 0.7390625 0.0828125 0.25625
1 0.46640625 0.734375 0.0828125 0.25625
1 0.4921875 0.74375 0.0796875 0.228125
1 0.5328125 0.71640625 0.071875 0.240625
1 0.58046875 0.703125 0.084375 0.2484375
1 0.6234375 0.7046875 0.0703125 0.2203125
1 0.64375 0.69375 0.0765625 0.2390625
1 0.67734375 0.66328125 0.1125 0.2984375
1 0.69609375 0.6796875 0.078125 0.2375
1 0.7078125 0.68984375 0.075 0.2140625
1 0.7421875 0.67265625 0.08125 0.228125
1 0.75390625 0.68359375 0.071875 0.1984375
1 0.7875 0.65390625 0.1046875 0.2640625