1 0.1875 0.4328125 0.1 0.3265625
1 0.2171875 0.4453125 0.0859375 0.2859375
1 0.2484375 0.4234375 0.09375 0.325
1 0.28203125 0.4140625 0.0921875 0.3109375
1 0.31796875 0.40390625 0.0890625 0.3234375
1 0.34609375 0.40546875 0.0765625 0.3125
1 0.36796875 0.40234375 0.05625 0.29375
1 0.38125 0.40546875 0.0640625 0.28125
1 0.40234375 0.4078125 0.0484375 0.2578125
1 0.43515625 0.38828125 0.0828125 0.309375
1 0.46640625 0.37734375 0.0640625 0.303125
1 0.484375 0.3734375 0.053125 0.3140625
1 0.50234375 0.37578125 0.065625 0.2984375
1 0.5375 0.38046875 0.0859375 0.278125
1 0.57265625 0.36015625 0.075 0.2984375
1 0.59921875 0.353125 0.078125 0.296875
1 0.62109375 0.35859375 0.0765625 0.2859375
1 0.640625 0.36328125 0.0640625 0.2546875
1 0.68125 0.3453125 0.084375 0.290625
1 0.70078125 0.346875 0.065625 0.2546875
1 0.71796875 0.34296875 0.0671875 0.2515625
1 0.73671875 0.34140625 0.075 0.2546875
1 0.7578125 0.340625 0.0640625 0.24375
1 0.78359375 0.3328125 0.0828125 0.2546875
1 0.80625 0.328125 0.0671875 0.240625
1 0.82578125 0.3265625 0.0640625 0.228125
1 0.84453125 0.309375 0.078125 0.26875
1 0.8640625 0.31015625 0.071875 0.2546875
1 0.8859375 0.3078125 0.0796875 0.259375
1 0.16875 0.8421875 0.0671875 0.23125
1 0.184375 0.8421875 0.0625 0.2359375
1 0.2078125 0.83203125 0.078125 0.2609375
1 0.2296875 0.8265625 0.06875 0.2453125
1 0.2546875 0.8328125 0.065625 0.2296875
1 0.28984375 0.7734375 0.096875 0.3265625
1 0.3140625 0.79453125 0.0640625 0.2546875
1 0.334375 0.8 0.059375 0.2390625
1 0.3578125 0.79375 0.0625 0.23125
1 0.37890625 0.78515625 0.0546875 0.228125
1 0.3953125 0.78515625 0.0484375 0.215625
1 0.4109375 0.778125 0.0515625 0.21875
1 0.43046875 0.7578125 0.059375 0.253125
1 0.459375 0.74375 0.0609375 0.2578125
1 0.4875 0.73671875 0.0609375 0.2578125
1 0.51328125 0.74296875 0.0609375 0.2296875
1 0.5515625 0.7125 0.0515625 0.24375
1 0.59765625 0.6953125 0.0640625 0.25
1 0.640625 0.69375 0.0515625 0.221875
1 0.66015625 0.68046875 0.05625 0.240625
1 0.690625 0.64765625 0.0875 0.2984375
1 0.7109375 0.6625 0.0578125 0.2390625
1 0.7234375 0.67109375 0.05625 0.215625
1 0.75625 0.6515625 0.0625 0.2296875
1 0.76953125 0.6609375 0.05625 0.2
1 0.8 0.628125 0.0828125 0.2640625