1 0.0671875 0.253125 0.10625 0.50625
1 0.1203125 0.25625 0.115625 0.5125
1 0.1546875 0.26875 0.0734375 0.49375
1 0.2 0.26328125 0.1265625 0.5265625
1 0.24375 0.29765625 0.0671875 0.453125
1 0.28203125 0.27265625 0.1015625 0.5125
1 0.3171875 0.30625 0.0796875 0.4484375
1 0.35 0.31015625 0.0734375 0.440625
1 0.37890625 0.33984375 0.0734375 0.3921875
1 0.4109375 0.29375 0.0765625 0.4828125
1 0.43359375 0.3140625 0.0828125 0.4515625
1 0.4625 0.3 0.084375 0.4859375
1 0.4875 0.33125 0.071875 0.43125
1 0.525 0.31328125 0.090625 0.471875
1 0.55546875 0.33828125 0.0640625 0.4234375
1 0.5734375 0.38125 0.0578125 0.3359375
1 0.6015625 0.34765625 0.0671875 0.4078125
1 0.628125 0.3359375 0.0734375 0.4390625
1 0.646875 0.37734375 0.05625 0.3578125
1 0.67421875 0.3640625 0.065625 0.3859375
1 0.69296875 0.36953125 0.0609375 0.3765625
1 0.71484375 0.37421875 0.065625 0.378125
1 0.73984375 0.3703125 0.0703125 0.3921875
1 0.771875 0.36015625 0.0796875 0.4171875
1 0.7953125 0.39296875 0.065625 0.3515625
1 0.815625 0.3953125 0.0578125 0.3515625
1 0.83671875 0.39296875 0.0671875 0.3578125
1 0.8546875 0.41328125 0.0546875 0.3203125
1 0.8828125 0.4078125 0.0609375 0.3421875
1 0.9046875 0.42734375 0.0578125 0.30625
1 0.9328125 0.42109375 0.059375 0.3171875
1 0.771875 0.85078125 0.0625 0.2984375
1 0.80546875 0.84921875 0.0671875 0.3015625
1 0.83671875 0.8546875 0.0578125 0.290625
1 0.85234375 0.85703125 0.0546875 0.2859375
1 0.8828125 0.85625 0.065625 0.2875