1 0.10234375 0.72109375 0.1796875 0.51875
1 0.140625 0.690625 0.1953125 0.5390625
1 0.19296875 0.6765625 0.165625 0.5015625
1 0.24296875 0.6859375 0.1578125 0.446875
1 0.27109375 0.5625 0.2078125 0.6484375
1 0.3359375 0.6046875 0.1265625 0.4921875
1 0.36953125 0.61640625 0.125 0.4453125
1 0.409375 0.60234375 0.1140625 0.4234375
1 0.44375 0.58046875 0.096875 0.425
1 0.471875 0.58515625 0.0859375 0.384375
1 0.49375 0.5703125 0.0890625 0.39375
1 0.51796875 0.53828125 0.1046875 0.4390625
1 0.5515625 0.50859375 0.10625 0.453125
1 0.59296875 0.49609375 0.1125 0.4375
1 0.63203125 0.50390625 0.1109375 0.378125
1 0.659375 0.49609375 0.090625 0.371875
1 0.66953125 0.465625 0.1046875 0.409375
1 0.72890625 0.4328125 0.1140625 0.4015625
1 0.75 0.43125 0.0953125 0.36875
1 0.7640625 0.42109375 0.0953125 0.3734375
1 0.78046875 0.43515625 0.0953125 0.340625
1 0.7984375 0.40859375 0.1015625 0.3703125
1 0.82734375 0.3578125 0.1453125 0.459375
1 0.85234375 0.3875 0.109375 0.3625
1 0.871875 0.4 0.0953125 0.3171875
1 0.88203125 0.375 0.103125 0.3546875
1 0.90390625 0.36796875 0.1078125 0.3453125
1 0.91875 0.3859375 0.09375 0.2953125
1 0.93828125 0.3375 0.1234375 0.36875