1 0.140625 0.2578125 0.121875 0.515625
1 0.22421875 0.26953125 0.1390625 0.5203125
1 0.2890625 0.31640625 0.1078125 0.446875
1 0.3421875 0.3265625 0.096875 0.44375
1 0.3734375 0.3453125 0.08125 0.4109375
1 0.3984375 0.3625 0.0921875 0.3875
1 0.4359375 0.378125 0.109375 0.3734375
1 0.47890625 0.38203125 0.0875 0.38125
1 0.5078125 0.3796875 0.1078125 0.4015625
1 0.53828125 0.41640625 0.0796875 0.334375
1 0.55859375 0.3953125 0.1 0.375
1 0.59453125 0.40546875 0.1015625 0.3828125
1 0.625 0.41640625 0.09375 0.3609375
1 0.64921875 0.4359375 0.0875 0.3390625
1 0.71875 0.48671875 0.071875 0.2625
1 0.7359375 0.478125 0.0734375 0.2859375
1 0.83125 0.50390625 0.090625 0.2640625