1 0.01484375 0.31875 0.0296875 0.446875
1 0.025 0.33984375 0.05 0.4046875
1 0.05390625 0.29921875 0.1078125 0.4765625
1 0.08984375 0.84765625 0.0921875 0.3046875
1 0.05078125 0.86796875 0.0578125 0.2640625
1 0.171875 0.3484375 0.071875 0.334375
1 0.20234375 0.29765625 0.084375 0.41875
1 0.2375 0.30390625 0.0765625 0.39375
1 0.271875 0.30625 0.0875 0.3765625
1 0.30546875 0.29453125 0.06875 0.3859375
1 0.33203125 0.2921875 0.0671875 0.3796875
1 0.3578125 0.30078125 0.0609375 0.35
1 0.38046875 0.2875 0.0609375 0.3703125
1 0.4015625 0.2671875 0.0640625 0.4
1 0.4265625 0.26796875 0.0671875 0.3890625
1 0.45078125 0.26484375 0.0640625 0.3828125
1 0.4796875 0.26015625 0.078125 0.3828125
1 0.50625 0.25625 0.0703125 0.3796875
1 0.534375 0.25 0.084375 0.3828125
1 0.57734375 0.2625 0.1 0.3421875
1 0.6125 0.2421875 0.0796875 0.365625
1 0.63515625 0.26015625 0.0703125 0.3171875
1 0.70234375 0.23671875 0.1015625 0.346875
1 0.753125 0.2234375 0.0734375 0.340625
1 0.77890625 0.21640625 0.0875 0.346875
1 0.8125 0.21171875 0.0859375 0.34375
1 0.8484375 0.2109375 0.075 0.3328125
1 0.8640625 0.209375 0.075 0.3296875
1 0.896875 0.20625 0.0765625 0.3203125
1 0.234375 0.86640625 0.071875 0.2671875
1 0.26953125 0.81796875 0.0828125 0.3640625
1 0.30859375 0.81875 0.0796875 0.3625
1 0.34765625 0.8171875 0.0734375 0.365625
1 0.37890625 0.8203125 0.0703125 0.346875
1 0.4015625 0.8203125 0.0625 0.328125
1 0.425 0.8171875 0.065625 0.315625
1 0.44609375 0.7859375 0.06875 0.359375
1 0.47265625 0.77734375 0.08125 0.365625
1 0.50390625 0.78515625 0.078125 0.321875
1 0.5296875 0.76796875 0.0640625 0.328125
1 0.55625 0.73671875 0.096875 0.384375
1 0.58828125 0.74296875 0.075 0.340625
1 0.61875 0.75 0.0703125 0.3015625
1 0.64140625 0.72578125 0.0734375 0.321875
1 0.66875 0.728125 0.0796875 0.3125
1 0.70078125 0.70625 0.090625 0.33125
1 0.7234375 0.69921875 0.0703125 0.3234375
1 0.74375 0.68671875 0.0640625 0.3140625
1 0.77109375 0.6953125 0.0625 0.2921875
1 0.81484375 0.6765625 0.065625 0.303125
1 0.8328125 0.6640625 0.0640625 0.3015625
1 0.85390625 0.67421875 0.06875 0.271875
1 0.88125 0.65 0.0734375 0.3
1 0.9046875 0.65703125 0.0671875 0.26875
1 0.91875 0.64296875 0.0609375 0.2765625
1 0.9328125 0.6453125 0.059375 0.265625