1 0.16796875 0.35859375 0.065625 0.1828125
1 0.21015625 0.3328125 0.0703125 0.23125
1 0.25546875 0.33671875 0.059375 0.2265625
1 0.3 0.340625 0.05625 0.2234375
1 0.33046875 0.3453125 0.053125 0.2109375
1 0.359375 0.35234375 0.0484375 0.2
1 0.38515625 0.35390625 0.05 0.196875
1 0.41640625 0.34140625 0.059375 0.221875
1 0.44921875 0.340625 0.0703125 0.225
1 0.47890625 0.35546875 0.0703125 0.1984375
1 0.5125 0.34921875 0.0609375 0.20625
1 0.5484375 0.33828125 0.1046875 0.24375
1 0.5828125 0.34765625 0.0734375 0.2125
1 0.146875 0.61875 0.05625 0.2
1 0.184375 0.628125 0.046875 0.1734375
1 0.21484375 0.61796875 0.0484375 0.1921875
1 0.253125 0.6171875 0.0484375 0.1875
1 0.29140625 0.6125 0.0515625 0.196875
1 0.32265625 0.61484375 0.0390625 0.190625
1 0.3421875 0.6171875 0.03125 0.1734375
1 0.3609375 0.61875 0.040625 0.16875
1 0.415625 0.61171875 0.08125 0.1921875
1 0.4515625 0.60546875 0.053125 0.1875
1 0.4703125 0.6015625 0.0484375 0.1859375
1 0.48984375 0.60703125 0.0546875 0.1765625
1 0.528125 0.6140625 0.0765625 0.16875
1 0.56640625 0.60234375 0.059375 0.1859375
1 0.5953125 0.60390625 0.0609375 0.1765625
1 0.6234375 0.603125 0.0609375 0.175
1 0.64453125 0.61171875 0.0515625 0.15625
1 0.68984375 0.6015625 0.0625 0.171875
1 0.7125 0.6046875 0.053125 0.1578125
1 0.75625 0.60546875 0.05625 0.146875
1 0.78125 0.60546875 0.053125 0.146875
1 0.81015625 0.60546875 0.0703125 0.153125
1 0.13671875 0.878125 0.0421875 0.1625
1 0.15546875 0.87734375 0.040625 0.1546875
1 0.18203125 0.871875 0.0453125 0.1671875
1 0.2046875 0.87109375 0.0375 0.1625
1 0.2359375 0.87734375 0.0421875 0.14375
1 0.2703125 0.840625 0.059375 0.2125
1 0.30234375 0.8578125 0.0359375 0.1671875
1 0.32421875 0.8609375 0.0375 0.1515625
1 0.35078125 0.86171875 0.04375 0.1484375
1 0.37421875 0.85703125 0.0359375 0.1546875
1 0.396875 0.85703125 0.03125 0.140625
1 0.43359375 0.84375 0.0453125 0.1640625
1 0.465625 0.8390625 0.0515625 0.171875
1 0.4984375 0.83671875 0.05 0.1625
1 0.52734375 0.84453125 0.05625 0.15625
1 0.57265625 0.82734375 0.04375 0.1609375
1 0.628125 0.81953125 0.0546875 0.1625
1 0.6484375 0.81953125 0.0359375 0.15
1 0.67265625 0.82265625 0.0515625 0.15
1 0.728125 0.79609375 0.078125 0.19375
1 0.7546875 0.8078125 0.05 0.15625
1 0.771875 0.8140625 0.0390625 0.1359375
1 0.80625 0.80625 0.0515625 0.15625
1 0.82578125 0.81171875 0.0484375 0.1328125
1 0.8609375 0.79609375 0.071875 0.165625