1 0.0359375 0.22578125 0.0671875 0.446875
1 0.053125 0.25 0.065625 0.4046875
1 0.09375 0.22734375 0.1125 0.4546875
1 0.034375 0.78515625 0.06875 0.3515625
1 0.20703125 0.28828125 0.065625 0.334375
1 0.24609375 0.24453125 0.078125 0.41875
1 0.2796875 0.25703125 0.0703125 0.39375
1 0.31328125 0.26640625 0.08125 0.3765625
1 0.3484375 0.2609375 0.0609375 0.3859375
1 0.375 0.2640625 0.0609375 0.3796875
1 0.3984375 0.27734375 0.0546875 0.35
1 0.42265625 0.26796875 0.0546875 0.3703125
1 0.44765625 0.25234375 0.05625 0.4
1 0.47265625 0.25859375 0.0609375 0.390625
1 0.496875 0.259375 0.0578125 0.3828125
1 0.52578125 0.2609375 0.071875 0.3828125
1 0.553125 0.2625 0.0640625 0.38125
1 0.58125 0.2609375 0.078125 0.3828125
1 0.62109375 0.28125 0.0953125 0.340625
1 0.66015625 0.26875 0.0734375 0.3640625
1 0.678125 0.290625 0.065625 0.3171875
1 0.74921875 0.28046875 0.096875 0.3453125
1 0.80078125 0.2765625 0.06875 0.3421875
1 0.828125 0.27421875 0.08125 0.346875
1 0.86171875 0.2765625 0.0796875 0.3421875
1 0.896875 0.2828125 0.06875 0.33125
1 0.9125 0.284375 0.06875 0.328125
1 0.94609375 0.2875 0.071875 0.3203125
1 0.1671875 0.82421875 0.0671875 0.2984375
1 0.2109375 0.77890625 0.075 0.3859375
1 0.25 0.7828125 0.0734375 0.3734375
1 0.28984375 0.78359375 0.0671875 0.36875
1 0.3203125 0.79140625 0.065625 0.346875
1 0.3421875 0.79609375 0.05625 0.328125
1 0.365625 0.796875 0.0609375 0.3140625
1 0.3921875 0.7703125 0.0625 0.359375
1 0.4203125 0.76640625 0.075 0.365625
1 0.44921875 0.78125 0.0734375 0.321875
1 0.478125 0.76875 0.0578125 0.328125
1 0.51015625 0.74296875 0.090625 0.384375
1 0.540625 0.75546875 0.06875 0.340625
1 0.56875 0.76796875 0.065625 0.3
1 0.59609375 0.7484375 0.06875 0.3203125
1 0.621875 0.75625 0.075 0.3109375
1 0.6578125 0.740625 0.0859375 0.3296875
1 0.68125 0.73828125 0.065625 0.3234375
1 0.703125 0.7296875 0.0578125 0.3140625
1 0.72890625 0.74375 0.0578125 0.2921875
1 0.775 0.73359375 0.0609375 0.303125
1 0.7953125 0.72421875 0.059375 0.3015625
1 0.8140625 0.73828125 0.0640625 0.271875
1 0.8453125 0.7203125 0.06875 0.3
1 0.8671875 0.73125 0.0625 0.26875
1 0.88359375 0.7203125 0.0546875 0.2765625
1 0.89765625 0.725 0.0546875 0.265625