1 0.11328125 0.14296875 0.0421875 0.203125
1 0.153125 0.1359375 0.046875 0.225
1 0.17734375 0.15625 0.025 0.190625
1 0.1953125 0.14765625 0.03125 0.215625
1 0.2140625 0.1578125 0.025 0.2015625
1 0.2375 0.1578125 0.03125 0.2046875
1 0.2578125 0.1578125 0.025 0.215625
1 0.28828125 0.15859375 0.04375 0.2171875
1 0.31953125 0.175 0.0234375 0.190625
1 0.34921875 0.1734375 0.0359375 0.203125
1 0.38046875 0.18046875 0.034375 0.19375
1 0.409375 0.1828125 0.03125 0.2
1 0.43828125 0.2046875 0.0265625 0.159375
1 0.46171875 0.18671875 0.0390625 0.209375
1 0.49296875 0.190625 0.03125 0.2015625
1 0.521875 0.20234375 0.034375 0.1859375
1 0.54765625 0.20546875 0.03125 0.1890625
1 0.58125 0.2140625 0.040625 0.175
1 0.621875 0.2203125 0.0375 0.18125
1 0.65703125 0.2140625 0.0359375 0.196875
1 0.7015625 0.22421875 0.05 0.1796875
1 0.73359375 0.24140625 0.0234375 0.153125
1 0.75 0.2328125 0.01875 0.18125
1 0.78671875 0.23984375 0.0375 0.1703125
1 0.81796875 0.2515625 0.03125 0.1625
1 0.84296875 0.23984375 0.028125 0.1875
1 0.8671875 0.24140625 0.0390625 0.190625
1 0.10546875 0.459375 0.053125 0.2484375
1 0.17109375 0.46015625 0.06875 0.25625
1 0.23515625 0.47109375 0.04375 0.23125
1 0.27578125 0.4734375 0.0375 0.234375
1 0.3046875 0.4859375 0.025 0.2125
1 0.33203125 0.4875 0.03125 0.215625
1 0.37421875 0.49296875 0.053125 0.2015625
1 0.41328125 0.48984375 0.0296875 0.2078125
1 0.44296875 0.48359375 0.034375 0.2234375
1 0.478125 0.5015625 0.025 0.190625
1 0.5 0.4890625 0.046875 0.2203125
1 0.5390625 0.490625 0.0375 0.21875
1 0.56953125 0.49453125 0.028125 0.2125
1 0.59921875 0.503125 0.028125 0.2046875
1 0.65703125 0.5015625 0.028125 0.209375
1 0.6203125 0.4984375 0.01875 0.215625
1 0.6875 0.5265625 0.028125 0.1625
1 0.709375 0.51875 0.03125 0.178125
1 0.73046875 0.51640625 0.0265625 0.1796875
1 0.75078125 0.5140625 0.025 0.190625
1 0.77578125 0.5125 0.0234375 0.190625
1 0.8078125 0.509375 0.028125 0.20625
1 0.83671875 0.5296875 0.053125 0.1703125
1 0.871875 0.5203125 0.034375 0.1890625
1 0.896875 0.52109375 0.034375 0.184375
1 0.91875 0.53046875 0.0375 0.16875
1 0.06171875 0.8328125 0.025 0.24375
1 0.0984375 0.8234375 0.04375 0.265625
1 0.15703125 0.83359375 0.059375 0.24375
1 0.21953125 0.82734375 0.040625 0.24375
1 0.253125 0.8359375 0.03125 0.225
1 0.28046875 0.83125 0.028125 0.221875
1 0.30703125 0.84296875 0.03125 0.2
1 0.353125 0.825 0.021875 0.23125
1 0.375 0.81484375 0.028125 0.2515625
1 0.403125 0.82265625 0.03125 0.225
1 0.440625 0.8109375 0.04375 0.25
1 0.46953125 0.8203125 0.028125 0.23125
1 0.49296875 0.8390625 0.0234375 0.19375
1 0.51640625 0.81875 0.0234375 0.228125
1 0.54609375 0.80625 0.03125 0.2484375
1 0.59609375 0.815625 0.0265625 0.225
1 0.6171875 0.8140625 0.03125 0.221875
1 0.66796875 0.809375 0.0390625 0.225
1 0.7 0.79453125 0.04375 0.2484375
1 0.7359375 0.81171875 0.040625 0.2140625
1 0.76484375 0.8109375 0.0265625 0.2125
1 0.79140625 0.80546875 0.0328125 0.221875
1 0.81796875 0.809375 0.0265625 0.209375
1 0.853125 0.80234375 0.0375 0.21875
1 0.8875 0.81015625 0.03125 0.196875
1 0.9296875 0.80546875 0.03125 0.2046875
1 0.95234375 0.8015625 0.03125 0.209375