1 0.08828125 0.36640625 0.15625 0.51875
1 0.17109375 0.3546875 0.1734375 0.521875
1 0.246875 0.38125 0.1390625 0.446875
1 0.30078125 0.3765625 0.1265625 0.4421875
1 0.3359375 0.3859375 0.109375 0.409375
1 0.3640625 0.39609375 0.11875 0.3859375
1 0.4046875 0.4 0.134375 0.375
1 0.446875 0.39296875 0.1140625 0.38125
1 0.47421875 0.38203125 0.134375 0.403125
1 0.5140625 0.40859375 0.103125 0.334375
1 0.528125 0.38359375 0.1234375 0.375
1 0.56484375 0.3828125 0.1265625 0.3828125
1 0.596875 0.38515625 0.1171875 0.3609375
1 0.62578125 0.39765625 0.1109375 0.3390625
1 0.70703125 0.42734375 0.0890625 0.2625
1 0.7203125 0.4140625 0.09375 0.2859375
1 0.81953125 0.4125 0.1078125 0.265625