1 0.1859375 0.56015625 0.1375 0.325
1 0.21875 0.56015625 0.11875 0.2859375
1 0.2390625 0.528125 0.13125 0.3234375
1 0.265625 0.50625 0.1265625 0.309375
1 0.29453125 0.4828125 0.1265625 0.3203125
1 0.32109375 0.4734375 0.1140625 0.309375
1 0.33984375 0.46171875 0.0921875 0.2890625
1 0.35390625 0.459375 0.096875 0.2765625
1 0.37421875 0.45390625 0.0796875 0.253125
1 0.396875 0.42265625 0.1171875 0.30625
1 0.42109375 0.4 0.1 0.2984375
1 0.43671875 0.3890625 0.090625 0.3078125
1 0.45390625 0.384375 0.1015625 0.29375
1 0.4875 0.37578125 0.1171875 0.278125
1 0.5125 0.34296875 0.109375 0.2953125
1 0.534375 0.32578125 0.1125 0.29375
1 0.55625 0.32265625 0.109375 0.2828125
1 0.5765625 0.31953125 0.09375 0.2515625
1 0.60625 0.28671875 0.1171875 0.2890625
1 0.625 0.28046875 0.0953125 0.2515625
1 0.6390625 0.2703125 0.096875 0.25
1 0.65625 0.26171875 0.1046875 0.253125
1 0.675 0.25234375 0.0921875 0.240625
1 0.69609375 0.2359375 0.1125 0.2546875
1 0.71484375 0.22265625 0.09375 0.2375
1 0.73203125 0.21328125 0.090625 0.2265625
1 0.74296875 0.18984375 0.109375 0.2671875
1 0.7609375 0.1828125 0.1015625 0.253125
1 0.78046875 0.17265625 0.109375 0.259375
1 0.328125 0.9140625 0.09375 0.171875
1 0.34296875 0.91015625 0.0890625 0.1796875
1 0.36015625 0.89453125 0.1078125 0.2109375
1 0.378125 0.8921875 0.096875 0.215625
1 0.403125 0.89375 0.090625 0.2125
1 0.41328125 0.83359375 0.134375 0.325
1 0.44375 0.84375 0.09375 0.2515625
1 0.46484375 0.840625 0.0875 0.2359375
1 0.48359375 0.8265625 0.0890625 0.228125
1 0.5 0.81015625 0.08125 0.225
1 0.51484375 0.803125 0.0734375 0.2125
1 0.5265625 0.790625 0.0765625 0.215625
1 0.53671875 0.7640625 0.090625 0.25
1 0.5578125 0.73984375 0.090625 0.2546875
1 0.58046875 0.72265625 0.090625 0.2546875
1 0.60703125 0.71875 0.0875 0.2265625
1 0.63046875 0.675 0.0796875 0.2390625
1 0.66640625 0.64140625 0.09375 0.246875
1 0.70546875 0.62265625 0.078125 0.2203125
1 0.71796875 0.603125 0.084375 0.2375
1 0.7328125 0.5609375 0.121875 0.296875
1 0.75703125 0.5671875 0.0859375 0.2359375
1 0.77265625 0.5703125 0.08125 0.2125
1 0.7953125 0.5390625 0.0890625 0.228125
1 0.8109375 0.54296875 0.078125 0.1984375
1 0.82578125 0.50078125 0.1125 0.2640625