1 0.1 0.24765625 0.115625 0.390625
1 0.1578125 0.24140625 0.1265625 0.3984375
1 0.2125 0.25 0.103125 0.365625
1 0.25234375 0.2484375 0.1015625 0.3734375
1 0.2765625 0.24921875 0.090625 0.3671875
1 0.3046875 0.26484375 0.0859375 0.3328125
1 0.340625 0.27109375 0.1 0.3234375
1 0.375 0.26328125 0.0796875 0.328125
1 0.3984375 0.2515625 0.096875 0.3546875
1 0.43046875 0.2765625 0.0734375 0.29375
1 0.44765625 0.2515625 0.09375 0.34375
1 0.4796875 0.25 0.090625 0.346875
1 0.51015625 0.25546875 0.08125 0.3328125
1 0.5328125 0.26484375 0.0765625 0.3140625
1 0.5515625 0.25390625 0.06875 0.321875
1 0.5703125 0.27421875 0.0640625 0.2796875
1 0.58203125 0.25390625 0.06875 0.31875
1 0.61484375 0.29296875 0.059375 0.24375
1 0.628125 0.278125 0.0609375 0.2609375
1 0.64453125 0.26484375 0.0703125 0.2953125
1 0.66328125 0.2640625 0.0734375 0.2921875
1 0.67890625 0.26328125 0.0734375 0.2953125
1 0.70703125 0.25625 0.0640625 0.303125
1 0.73515625 0.28046875 0.0796875 0.25625
1 0.76328125 0.26328125 0.065625 0.2796875
1 0.78203125 0.26328125 0.0671875 0.2796875
1 0.7984375 0.26640625 0.06875 0.275
1 0.07578125 0.7875 0.1390625 0.425
1 0.165625 0.81953125 0.078125 0.3609375
1 0.19296875 0.7984375 0.0953125 0.403125
1 0.2453125 0.8109375 0.0984375 0.375
1 0.2984375 0.796875 0.0859375 0.3765625
1 0.278125 0.81953125 0.0625 0.3375
1 0.328125 0.8046875 0.075 0.334375
1 0.3515625 0.8015625 0.071875 0.3375
1 0.3765625 0.8125 0.0734375 0.3015625
1 0.41015625 0.778125 0.0796875 0.35
1 0.42578125 0.759375 0.0890625 0.3796875
1 0.45 0.76953125 0.0828125 0.3453125
1 0.478125 0.746875 0.0953125 0.3765625
1 0.50546875 0.75234375 0.0734375 0.3421875
1 0.52890625 0.77890625 0.0640625 0.28125
1 0.54375 0.7453125 0.084375 0.340625
1 0.56328125 0.728125 0.0875 0.3671875
1 0.6078125 0.7328125 0.0765625 0.3296875
1 0.625 0.72890625 0.075 0.3296875
1 0.64375 0.7265625 0.0734375 0.3296875
1 0.66328125 0.7140625 0.0828125 0.3453125
1 0.68671875 0.69609375 0.0890625 0.3671875
1 0.71875 0.7109375 0.08125 0.3203125
1 0.74296875 0.70859375 0.0703125 0.3109375
1 0.7625 0.696875 0.0796875 0.33125
1 0.78515625 0.70390625 0.0671875 0.2984375
1 0.8125 0.68828125 0.0796875 0.3203125
1 0.8390625 0.696875 0.0734375 0.2890625
1 0.8546875 0.678125 0.06875 0.309375
1 0.8734375 0.6828125 0.071875 0.303125
1 0.8921875 0.671875 0.0765625 0.3078125