1 0.1015625 0.33125 0.1125 0.5171875
1 0.18515625 0.3265625 0.1296875 0.5203125
1 0.2578125 0.359375 0.1015625 0.446875
1 0.31171875 0.359375 0.0890625 0.44375
1 0.34609375 0.37265625 0.075 0.4109375
1 0.37421875 0.38515625 0.0859375 0.3859375
1 0.4140625 0.3921875 0.103125 0.371875
1 0.45625 0.38828125 0.08125 0.38125
1 0.48515625 0.38046875 0.1015625 0.4015625
1 0.521875 0.41015625 0.075 0.334375
1 0.5375 0.3859375 0.0921875 0.3734375
1 0.575 0.3890625 0.0953125 0.3828125
1 0.60703125 0.39453125 0.0875 0.359375
1 0.634375 0.409375 0.0828125 0.3390625
1 0.7125 0.4453125 0.0671875 0.2625
1 0.72734375 0.43359375 0.06875 0.2859375
1 0.82578125 0.440625 0.0875 0.2625