1 0.04453125 0.384375 0.0890625 0.55
1 0.07265625 0.37265625 0.1453125 0.5515625
1 0.0984375 0.39375 0.13125 0.4859375
1 0.1390625 0.37421875 0.1875 0.525
1 0.1921875 0.3921875 0.121875 0.446875
1 0.21953125 0.35625 0.1625 0.5078125
1 0.2640625 0.3765625 0.1328125 0.44375
1 0.296875 0.36875 0.125 0.4359375
1 0.3328125 0.3875 0.1203125 0.3875
1 0.3484375 0.33359375 0.134375 0.4765625
1 0.37734375 0.3453125 0.1359375 0.446875
1 0.39921875 0.32265625 0.140625 0.4796875
1 0.43359375 0.34453125 0.1234375 0.425
1 0.46328125 0.315625 0.146875 0.4671875
1 0.5 0.32890625 0.1140625 0.4171875
1 0.53125 0.3640625 0.0984375 0.33125
1 0.54609375 0.32265625 0.115625 0.4015625
1 0.56796875 0.303125 0.125 0.434375
1 0.59921875 0.3359375 0.1 0.353125
1 0.62109375 0.31484375 0.1109375 0.38125
1 0.63984375 0.3140625 0.10625 0.3703125
1 0.6625 0.3109375 0.1109375 0.375
1 0.684375 0.29921875 0.1171875 0.3875
1 0.7109375 0.2796875 0.128125 0.4125
1 0.74453125 0.30234375 0.10625 0.3484375
1 0.7640625 0.29765625 0.1 0.346875
1 0.78359375 0.28984375 0.1078125 0.353125
1 0.80703125 0.30234375 0.0921875 0.315625
1 0.83203125 0.2875 0.1015625 0.3375
1 0.85859375 0.29921875 0.09375 0.303125
1 0.88359375 0.28515625 0.096875 0.3140625
1 0.87734375 0.7578125 0.1015625 0.3265625
1 0.909375 0.746875 0.1078125 0.3328125
1 0.93984375 0.74296875 0.096875 0.325
1 0.9546875 0.740625 0.090625 0.321875
1 0.965625 0.72890625 0.06875 0.3203125