1 0.01640625 0.35546875 0.0328125 0.4453125
1 0.0265625 0.3734375 0.053125 0.403125
1 0.0546875 0.33046875 0.109375 0.4765625
1 0.115625 0.8609375 0.115625 0.278125
1 0.0796875 0.88359375 0.078125 0.2328125
1 0.1625 0.371875 0.0953125 0.334375
1 0.1890625 0.31953125 0.1125 0.41875
1 0.22421875 0.32265625 0.103125 0.3921875
1 0.259375 0.32265625 0.1140625 0.3765625
1 0.29140625 0.30859375 0.09375 0.3828125
1 0.31796875 0.3046875 0.09375 0.378125
1 0.34453125 0.3109375 0.084375 0.3484375
1 0.365625 0.29609375 0.0859375 0.36875
1 0.3859375 0.27421875 0.090625 0.3984375
1 0.4109375 0.2734375 0.09375 0.3875
1 0.434375 0.26875 0.090625 0.3796875
1 0.4625 0.2625 0.1046875 0.3828125
1 0.48984375 0.25703125 0.096875 0.3796875
1 0.51640625 0.24765625 0.1109375 0.3828125
1 0.56015625 0.2578125 0.1234375 0.34375
1 0.59453125 0.23515625 0.103125 0.3640625
1 0.61796875 0.2515625 0.0921875 0.315625
1 0.68359375 0.2234375 0.125 0.346875
1 0.7328125 0.20625 0.096875 0.340625
1 0.75859375 0.19765625 0.1109375 0.3453125
1 0.79140625 0.190625 0.1078125 0.34375
1 0.82734375 0.1875 0.096875 0.33125
1 0.84296875 0.18515625 0.096875 0.328125
1 0.87578125 0.17890625 0.0984375 0.3203125
1 0.26171875 0.875 0.0921875 0.25
1 0.29296875 0.82578125 0.1078125 0.3484375
1 0.33203125 0.825 0.1046875 0.35
1 0.36953125 0.821875 0.0984375 0.35625
1 0.40078125 0.82734375 0.0953125 0.3453125
1 0.42421875 0.8265625 0.084375 0.3265625
1 0.44765625 0.821875 0.0875 0.3140625
1 0.46640625 0.7890625 0.09375 0.3578125
1 0.4921875 0.778125 0.10625 0.3640625
1 0.52421875 0.784375 0.1 0.321875
1 0.5484375 0.76484375 0.0859375 0.3265625
1 0.57265625 0.73203125 0.1234375 0.384375
1 0.60546875 0.7359375 0.0984375 0.340625
1 0.6359375 0.740625 0.090625 0.3
1 0.65703125 0.71484375 0.0953125 0.3203125
1 0.684375 0.715625 0.1015625 0.3125
1 0.71484375 0.69140625 0.1125 0.33125
1 0.73671875 0.68359375 0.0921875 0.3234375
1 0.75625 0.66875 0.0859375 0.3140625
1 0.784375 0.67578125 0.0828125 0.2921875
1 0.8265625 0.65390625 0.0875 0.3015625
1 0.84375 0.63984375 0.084375 0.3015625
1 0.86484375 0.64921875 0.0859375 0.271875
1 0.890625 0.6234375 0.09375 0.3015625
1 0.91484375 0.628125 0.0859375 0.26875
1 0.928125 0.61328125 0.078125 0.2765625
1 0.9421875 0.61484375 0.0765625 0.2640625