1 0.77265625 0.565625 0.2140625 0.540625
1 0.69296875 0.56640625 0.221875 0.54375
1 0.6359375 0.57578125 0.18125 0.5140625
1 0.53984375 0.6234375 0.2046875 0.4453125
1 0.46484375 0.6 0.15625 0.478125
1 0.4109375 0.61953125 0.140625 0.434375
1 0.3734375 0.6328125 0.1375 0.4171875
1 0.07265625 0.228125 0.10625 0.2890625
1 0.021875 0.27265625 0.04375 0.2890625
1 0.34296875 0.64140625 0.1296875 0.3921875
1 0.315625 0.66484375 0.1109375 0.346875
1 0.2484375 0.646875 0.1109375 0.375
1 0.18359375 0.66875 0.0921875 0.33125
1 0.1515625 0.6671875 0.096875 0.3375
1 0.12109375 0.66796875 0.096875 0.3375
1 0.09375 0.67421875 0.090625 0.3203125
1 0.07890625 0.7046875 0.0796875 0.2640625
1 0.05078125 0.68515625 0.084375 0.3046875