1 0.734375 0.4125 0.225 0.5625
1 0.6671875 0.45 0.190625 0.5109375
1 0.62109375 0.50703125 0.1765625 0.434375
1 0.52890625 0.528125 0.1578125 0.4265625
1 0.5625 0.490625 0.15625 0.475
1 0.4765625 0.54140625 0.1390625 0.4109375
1 0.43984375 0.57578125 0.1515625 0.35625
1 0.37890625 0.57421875 0.190625 0.396875
1 0.33125 0.5828125 0.153125 0.3859375
1 0.30234375 0.61953125 0.1375 0.3375
1 0.24609375 0.6359375 0.175 0.33125
1 0.1796875 0.64765625 0.1265625 0.3203125
1 0.15234375 0.65546875 0.1359375 0.3203125
1 0.090625 0.69296875 0.1125 0.275