1 0.771875 0.5703125 0.20625 0.540625
1 0.69140625 0.5703125 0.2125 0.54375
1 0.634375 0.578125 0.171875 0.5140625
1 0.5375 0.62421875 0.1984375 0.4453125
1 0.4625 0.59921875 0.1484375 0.478125
1 0.40859375 0.61796875 0.1328125 0.434375
1 0.371875 0.63046875 0.1296875 0.41875
1 0.07734375 0.22109375 0.1015625 0.2875
1 0.02265625 0.26328125 0.0453125 0.2890625
1 0.340625 0.63828125 0.1234375 0.3921875
1 0.3125 0.66171875 0.1046875 0.346875
1 0.24609375 0.6421875 0.1046875 0.375
1 0.18046875 0.66328125 0.0875 0.3328125
1 0.1484375 0.6609375 0.090625 0.3375
1 0.11875 0.66171875 0.090625 0.3375
1 0.090625 0.6671875 0.084375 0.3203125
1 0.07578125 0.696875 0.075 0.2640625
1 0.04765625 0.67734375 0.0796875 0.3046875