1 0.74921875 0.52421875 0.1875 0.565625
1 0.671875 0.528125 0.15625 0.515625
1 0.60546875 0.559375 0.146875 0.4359375
1 0.5140625 0.5375 0.1296875 0.4296875
1 0.56015625 0.51875 0.1234375 0.4796875
1 0.4609375 0.5265625 0.1125 0.415625
1 0.4125 0.5421875 0.128125 0.3578125
1 0.35859375 0.5140625 0.165625 0.396875
1 0.31171875 0.50078125 0.128125 0.3875
1 0.2703125 0.5203125 0.115625 0.3390625
1 0.2125 0.5109375 0.1546875 0.3296875
1 0.14765625 0.4921875 0.10625 0.321875
1 0.11953125 0.4875 0.115625 0.321875
1 0.04765625 0.49375 0.0953125 0.2765625