0 0.125 0.41953125 0.14658203125 0.3173828125
0 0.2890625 0.40390625 0.177734375 0.3267578125
0 0.45 0.3890625 0.168359375 0.2904296875
0 0.58828125 0.4 0.1232421875 0.275
0 0.7140625 0.39765625 0.140234375 0.26728515625
0 0.8484375 0.4171875 0.134375 0.2625
0 0.9234375 0.7203125 0.153125 0.32490234375
0 0.75078125 0.70625 0.1859375 0.3501953125
0 0.60859375 0.75390625 0.16875 0.35498046875
0 0.46015625 0.7515625 0.17333984375 0.42822265625
0 0.27734375 0.74921875 0.1515625 0.37958984375
0 0.078125 0.7640625 0.15625 0.36572265625