2 0.121875 0.11875 0.13046875 0.175
2 0.309375 0.115625 0.15234375 0.14765625
2 0.49453125 0.11796875 0.1609375 0.159375
2 0.67734375 0.11640625 0.1421875 0.1484375
2 0.878125 0.1234375 0.14609375 0.1484375
2 0.87109375 0.2921875 0.14375 0.128125
2 0.68828125 0.2921875 0.16015625 0.12421875
2 0.50234375 0.2984375 0.14921875 0.1453125
2 0.1265625 0.2984375 0.14765625 0.1453125
2 0.3109375 0.29921875 0.16171875 0.14765625
2 0.13125 0.46015625 0.171875 0.13359375
2 0.875 0.45546875 0.14453125 0.14140625
2 0.86796875 0.6296875 0.16875 0.14375
2 0.6859375 0.63359375 0.14296875 0.1484375
2 0.5109375 0.634375 0.13125 0.1390625
2 0.31640625 0.6328125 0.1421875 0.15390625
2 0.13359375 0.6375 0.146875 0.1515625
2 0.11953125 0.80625 0.1375 0.1390625
2 0.31484375 0.80703125 0.17578125 0.15625
2 0.5078125 0.8046875 0.12109375 0.14765625
2 0.6890625 0.79609375 0.15390625 0.15234375
2 0.875 0.8015625 0.1328125 0.15546875