1 0.19921875 0.10859375 0.1859375 0.2140625
1 0.58671875 0.35703125 0.2109375 0.2546875
1 0.578125 0.7015625 0.209375 0.409375
1 0.496875 0.115625 0.13125 0.228125
1 0.38203125 0.36953125 0.2140625 0.2734375
1 0.346875 0.1453125 0.15 0.18125
1 0.81796875 0.37578125 0.1640625 0.2609375
1 0.33125 0.6828125 0.21875 0.428125
1 0.62265625 0.14375 0.1296875 0.196875
1 0.190625 0.35234375 0.1875 0.2578125
1 0.1234375 0.6875 0.24375 0.4
1 0.0546875 0.36328125 0.10625 0.2609375
1 0.7625 0.1421875 0.096875 0.2
1 0.80234375 0.70625 0.2828125 0.428125
1 0.84296875 0.090625 0.1109375 0.178125