1 0.11796875 0.740625 0.18876953125 0.350390625
1 0.2984375 0.74609375 0.21572265625 0.3580078125
1 0.459375 0.7375 0.24052734375 0.34345703125
1 0.6515625 0.78046875 0.23134765625 0.390625
1 0.85703125 0.7796875 0.26064453125 0.4283203125
1 0.20390625 0.171875 0.2125 0.29990234375
1 0.78046875 0.17265625 0.1830078125 0.27666015625
1 0.2546875 0.4328125 0.23720703125 0.246875
1 0.35234375 0.16953125 0.15791015625 0.26064453125
1 0.48984375 0.16328125 0.178125 0.27333984375
1 0.63671875 0.1578125 0.1548828125 0.27783203125
1 0.7609375 0.44453125 0.202734375 0.31083984375
1 0.5984375 0.4328125 0.165625 0.30927734375
1 0.45234375 0.43828125 0.2109375 0.30185546875