1 0.11796875 0.740625 0.18203125 0.3484375
1 0.2984375 0.74609375 0.17578125 0.3421875
1 0.459375 0.7375 0.20859375 0.32421875
1 0.6515625 0.78046875 0.22890625 0.3890625
1 0.85703125 0.7796875 0.23515625 0.4171875
1 0.20390625 0.171875 0.1875 0.28515625
1 0.78046875 0.17265625 0.18125 0.27578125
1 0.2546875 0.4328125 0.23046875 0.2421875
1 0.35234375 0.16953125 0.13984375 0.25078125
1 0.48984375 0.16328125 0.1671875 0.26640625
1 0.63671875 0.1578125 0.146875 0.27265625
1 0.7609375 0.44453125 0.16875 0.29453125
1 0.5984375 0.4328125 0.165625 0.30859375
1 0.45234375 0.43828125 0.1796875 0.28515625