1 0.11796875 0.740625 0.21396484375 0.3626953125
1 0.2984375 0.74609375 0.18427734375 0.3455078125
1 0.459375 0.7375 0.23154296875 0.33779296875
1 0.6515625 0.78046875 0.22822265625 0.3890625
1 0.85703125 0.7796875 0.25185546875 0.4251953125
1 0.20390625 0.171875 0.2169921875 0.30283203125
1 0.78046875 0.17265625 0.2015625 0.28876953125
1 0.2546875 0.4328125 0.24345703125 0.2529296875
1 0.35234375 0.16953125 0.16064453125 0.26103515625
1 0.48984375 0.16328125 0.178125 0.27333984375
1 0.63671875 0.1578125 0.1794921875 0.28720703125
1 0.7609375 0.44453125 0.178125 0.30126953125
1 0.5984375 0.4328125 0.184765625 0.31865234375
1 0.45234375 0.43828125 0.1955078125 0.29521484375