1 0.8640625 0.11875 0.1546875 0.1765625
1 0.87421875 0.534375 0.1546875 0.1765625
1 0.10234375 0.74921875 0.1546875 0.1875
1 0.29921875 0.74765625 0.1546875 0.1875
1 0.6796875 0.53515625 0.1546875 0.1765625
1 0.4953125 0.52890625 0.1546875 0.1765625
1 0.8765625 0.74921875 0.1546875 0.1875
1 0.30625 0.5296875 0.1546875 0.1765625
1 0.68671875 0.76484375 0.1484375 0.2171875
1 0.10703125 0.52890625 0.1546875 0.1765625
1 0.30625 0.32109375 0.1546875 0.1765625
1 0.1140625 0.3171875 0.1546875 0.1765625
1 0.49296875 0.7484375 0.1546875 0.1875
1 0.115625 0.11015625 0.1546875 0.1796875
1 0.86875 0.32890625 0.1546875 0.1765625
1 0.68359375 0.1171875 0.1546875 0.1765625
1 0.49375 0.11640625 0.1546875 0.1765625
1 0.30546875 0.11171875 0.1546875 0.1765625
1 0.4921875 0.321875 0.1546875 0.1765625
1 0.68359375 0.32265625 0.1546875 0.1765625