1 0.3109375 0.2140625 0.125 0.146875
1 0.0734375 0.36015625 0.125 0.1703125
1 0.12265625 0.23203125 0.1203125 0.1109375
1 0.9640625 0.37734375 0.071875 0.1640625
1 0.87578125 0.2296875 0.0796875 0.1125
1 0.88515625 0.5140625 0.1078125 0.1625
1 0.8828125 0.35859375 0.109375 0.1546875
1 0.77578125 0.2125 0.1015625 0.153125
1 0.66328125 0.2 0.1203125 0.16875
1 0.56953125 0.3625 0.1015625 0.165625
1 0.55703125 0.19375 0.1078125 0.15625
1 0.54375 0.478125 0.08125 0.1
1 0.46875 0.34921875 0.103125 0.1484375
1 0.44765625 0.50390625 0.1140625 0.1734375
1 0.4453125 0.19921875 0.128125 0.1515625
1 0.3578125 0.65703125 0.090625 0.1359375
1 0.37109375 0.459375 0.1265625 0.19375
1 0.34140625 0.10234375 0.1203125 0.0890625
1 0.296875 0.609375 0.0875 0.125
1 0.32265625 0.31640625 0.1984375 0.1234375
1 0.2796875 0.45625 0.128125 0.175
1 0.24921875 0.59375 0.0796875 0.134375
1 0.2296875 0.17421875 0.121875 0.1515625
1 0.19296875 0.3265625 0.1171875 0.175
1 0.1625 0.1140625 0.1 0.125
1 0.165625 0.5015625 0.175 0.2125