1 0.13984375 0.3046875 0.25146484375 0.5123046875
1 0.3515625 0.290625 0.259765625 0.51240234375
1 0.53828125 0.2671875 0.2044921875 0.4033203125
1 0.70546875 0.26171875 0.19521484375 0.45
1 0.26953125 0.73984375 0.2017578125 0.41435546875
1 0.109375 0.7609375 0.21875 0.428125
1 0.4171875 0.73984375 0.18720703125 0.4201171875
1 0.57734375 0.72109375 0.22373046875 0.43564453125
1 0.7296875 0.72421875 0.184765625 0.42998046875
1 0.8890625 0.721875 0.20595703125 0.43720703125
1 0.8734375 0.3171875 0.2123046875 0.41533203125
1 0.70859375 0.2671875 0.24208984375 0.48427734375