1 0.13984375 0.3046875 0.23828125 0.50625
1 0.3515625 0.290625 0.2390625 0.50234375
1 0.53828125 0.2671875 0.184375 0.3953125
1 0.70546875 0.26171875 0.19453125 0.45
1 0.26953125 0.73984375 0.16875 0.40390625
1 0.109375 0.76171875 0.18359375 0.41328125
1 0.4171875 0.73984375 0.17265625 0.4140625
1 0.57734375 0.72109375 0.17734375 0.41953125
1 0.7296875 0.72421875 0.175 0.42734375
1 0.8890625 0.721875 0.18359375 0.42890625
1 0.8734375 0.3171875 0.1921875 0.40546875
1 0.70859375 0.2671875 0.21015625 0.47265625