1 0.7390625 0.23515625 0.171875 0.2421875
1 0.77734375 0.74765625 0.1421875 0.2328125
1 0.815625 0.4859375 0.2 0.284375
1 0.8671875 0.240625 0.1125 0.215625
1 0.47890625 0.49609375 0.1296875 0.2140625
1 0.55859375 0.240625 0.1890625 0.2375
1 0.9328125 0.75234375 0.134375 0.2328125
1 0.09921875 0.23515625 0.1671875 0.2328125
1 0.0828125 0.475 0.1625 0.278125
1 0.28359375 0.528125 0.2171875 0.284375
1 0.403125 0.27890625 0.15625 0.2234375
1 0.63515625 0.48671875 0.1953125 0.2453125
1 0.45703125 0.74140625 0.1453125 0.2109375
1 0.621875 0.7375 0.2 0.275
1 0.26484375 0.78125 0.1890625 0.196875
1 0.25625 0.27109375 0.19375 0.2421875
1 0.10546875 0.74921875 0.2078125 0.2828125