1 0.1375 0.18125 0.078125 0.2703125
1 0.20625 0.17578125 0.09375 0.284375
1 0.26953125 0.190625 0.0609375 0.25
1 0.3125 0.18828125 0.0578125 0.2515625
1 0.34296875 0.196875 0.04375 0.234375
1 0.3703125 0.203125 0.05 0.228125
1 0.4125 0.2109375 0.0671875 0.21875
1 0.45234375 0.20546875 0.05 0.2265625
1 0.4859375 0.19609375 0.0546875 0.2453125
1 0.51484375 0.22109375 0.0359375 0.2046875
1 0.53984375 0.2015625 0.0546875 0.23125
1 0.58203125 0.20078125 0.0640625 0.2375
1 0.61328125 0.203125 0.05625 0.2296875
1 0.6421875 0.21328125 0.0546875 0.215625
1 0.703125 0.20703125 0.053125 0.2203125
1 0.7328125 0.23515625 0.0375 0.165625
1 0.75546875 0.2265625 0.04375 0.1890625
1 0.7765625 0.21640625 0.0484375 0.20625
1 0.7984375 0.21484375 0.0453125 0.2046875
1 0.82265625 0.21484375 0.0515625 0.2015625
1 0.85390625 0.2125 0.046875 0.2125
1 0.88203125 0.2296875 0.059375 0.184375
1 0.9171875 0.21875 0.0359375 0.196875
1 0.94375 0.21875 0.046875 0.1921875
1 0.9640625 0.22421875 0.0421875 0.1765625
1 0.05 0.5359375 0.1 0.2875
1 0.13046875 0.553125 0.0484375 0.240625
1 0.1640625 0.540625 0.0671875 0.259375
1 0.225 0.54921875 0.084375 0.2328125
1 0.28203125 0.54140625 0.0640625 0.2375
1 0.25859375 0.5546875 0.0453125 0.2046875
1 0.3140625 0.54921875 0.0546875 0.2109375
1 0.3421875 0.54609375 0.0484375 0.2078125
1 0.36796875 0.55625 0.0484375 0.1875
1 0.40703125 0.53828125 0.0453125 0.2203125
1 0.4328125 0.52734375 0.0484375 0.240625
1 0.459375 0.534375 0.0515625 0.21875
1 0.4921875 0.51953125 0.0671875 0.240625
1 0.5234375 0.52734375 0.046875 0.215625
1 0.546875 0.54375 0.0453125 0.18125
1 0.56953125 0.525 0.05 0.2171875
1 0.59453125 0.51484375 0.05625 0.234375
1 0.64375 0.51875 0.046875 0.2109375
1 0.665625 0.51796875 0.053125 0.2125
1 0.7109375 0.51484375 0.059375 0.2078125
1 0.74765625 0.4984375 0.06875 0.2375
1 0.7828125 0.5125 0.0640625 0.2046875
1 0.8078125 0.5109375 0.0546875 0.20625
1 0.83359375 0.503125 0.0609375 0.209375
1 0.85859375 0.51015625 0.053125 0.190625
1 0.89765625 0.49921875 0.059375 0.209375
1 0.9234375 0.5078125 0.0578125 0.1890625
1 0.96796875 0.4984375 0.0546875 0.1921875
1 0.98203125 0.49453125 0.0359375 0.1984375
1 0.140625 0.9125 0.05625 0.175
1 0.175 0.884375 0.065625 0.23125
1 0.215625 0.8875 0.065625 0.225
1 0.25390625 0.88828125 0.0734375 0.2234375
1 0.2921875 0.8828125 0.053125 0.234375
1 0.3234375 0.88125 0.0625 0.2375
1 0.3546875 0.8828125 0.0515625 0.2265625
1 0.378125 0.87265625 0.059375 0.2359375
1 0.40546875 0.859375 0.05625 0.25
1 0.434375 0.85859375 0.0578125 0.24375
1 0.4578125 0.8546875 0.059375 0.240625
1 0.49140625 0.85078125 0.0765625 0.2453125
1 0.52421875 0.84296875 0.059375 0.2390625
1 0.55390625 0.8375 0.0734375 0.24375
1 0.60546875 0.8453125 0.090625 0.21875
1 0.646875 0.82578125 0.065625 0.2375
1 0.67421875 0.8328125 0.05625 0.2
1 0.75 0.81796875 0.0953125 0.2171875
1 0.8078125 0.8015625 0.0546875 0.215625
1 0.8421875 0.79375 0.071875 0.221875
1 0.88046875 0.7890625 0.0703125 0.221875
1 0.9234375 0.7875 0.0484375 0.2046875
1 0.93984375 0.7859375 0.0515625 0.2078125
1 0.97421875 0.78125 0.0515625 0.203125