1 0.0921875 0.2421875 0.11875 0.2734375
1 0.159375 0.22578125 0.134375 0.2875
1 0.22421875 0.23046875 0.096875 0.2484375
1 0.26640625 0.221875 0.096875 0.2515625
1 0.29765625 0.225 0.078125 0.23125
1 0.32578125 0.22734375 0.084375 0.2265625
1 0.36875 0.228125 0.0984375 0.2203125
1 0.40703125 0.21640625 0.084375 0.225
1 0.43828125 0.20234375 0.0921875 0.24375
1 0.47109375 0.221875 0.0671875 0.2015625
1 0.49296875 0.19921875 0.0890625 0.2296875
1 0.534375 0.1921875 0.0984375 0.2375
1 0.565625 0.1890625 0.090625 0.2296875
1 0.5953125 0.19453125 0.0875 0.215625
1 0.6546875 0.17890625 0.0859375 0.2203125
1 0.68828125 0.2015625 0.0625 0.165625
1 0.709375 0.18984375 0.071875 0.1890625
1 0.72890625 0.1765625 0.0796875 0.20625
1 0.75 0.171875 0.0765625 0.203125
1 0.7734375 0.16796875 0.08125 0.203125
1 0.8046875 0.1609375 0.078125 0.2125
1 0.83515625 0.1734375 0.0859375 0.1859375
1 0.86796875 0.15703125 0.065625 0.1953125
1 0.89453125 0.153125 0.075 0.1921875
1 0.915625 0.1546875 0.06875 0.1765625
1 0.06640625 0.60625 0.1328125 0.29375
1 0.14375 0.6109375 0.0859375 0.2390625
1 0.17421875 0.5921875 0.10625 0.259375
1 0.2359375 0.59140625 0.11875 0.2375
1 0.290625 0.575 0.0984375 0.2375
1 0.2703125 0.5921875 0.0765625 0.203125
1 0.3234375 0.578125 0.0859375 0.2109375
1 0.3515625 0.5703125 0.0796875 0.2078125
1 0.378125 0.5765625 0.0765625 0.1875
1 0.4140625 0.55234375 0.078125 0.21875
1 0.4375 0.5375 0.0859375 0.2390625
1 0.46484375 0.53984375 0.0828125 0.21875
1 0.4953125 0.5203125 0.1015625 0.240625
1 0.52734375 0.52265625 0.0796875 0.2140625
1 0.553125 0.5359375 0.071875 0.18125
1 0.57265625 0.5140625 0.0828125 0.2171875
1 0.5953125 0.49921875 0.0921875 0.234375
1 0.64453125 0.49609375 0.078125 0.209375
1 0.66640625 0.49140625 0.084375 0.2125
1 0.71015625 0.48125 0.090625 0.2078125
1 0.74453125 0.46015625 0.1046875 0.2390625
1 0.78125 0.46796875 0.09375 0.20625
1 0.80546875 0.4625 0.084375 0.20625
1 0.8296875 0.45078125 0.0921875 0.2109375
1 0.85546875 0.45390625 0.08125 0.190625
1 0.8921875 0.43671875 0.090625 0.2109375
1 0.91953125 0.44140625 0.0859375 0.190625
1 0.959375 0.42421875 0.08125 0.1921875
1 0.97109375 0.41875 0.0578125 0.196875
1 0.2125 0.9375 0.0875 0.125
1 0.24140625 0.90703125 0.1046875 0.1859375
1 0.28046875 0.90703125 0.1015625 0.1859375
1 0.31953125 0.90390625 0.1078125 0.1921875
1 0.35546875 0.896875 0.0890625 0.20625
1 0.3859375 0.89296875 0.096875 0.2140625
1 0.41640625 0.89375 0.0859375 0.2125
1 0.4375 0.884375 0.09375 0.23125
1 0.4625 0.8703125 0.09375 0.25
1 0.49140625 0.86484375 0.09375 0.2421875
1 0.5140625 0.85703125 0.0953125 0.240625
1 0.54609375 0.84765625 0.1125 0.246875
1 0.578125 0.83515625 0.0953125 0.2390625
1 0.60625 0.825 0.109375 0.2453125
1 0.6578125 0.82421875 0.121875 0.2234375
1 0.69609375 0.79921875 0.1015625 0.2390625
1 0.72421875 0.8015625 0.0859375 0.2015625
1 0.79609375 0.775 0.125 0.2234375
1 0.8515625 0.75 0.0875 0.215625
1 0.884375 0.73671875 0.1046875 0.225
1 0.92109375 0.72578125 0.1015625 0.225
1 0.96171875 0.71796875 0.0765625 0.2046875
1 0.96875 0.71328125 0.0625 0.2078125
1 0.9859375 0.70234375 0.028125 0.2046875