1 0.0328125 0.25078125 0.065625 0.2953125
1 0.0703125 0.2515625 0.0921875 0.2859375
1 0.12421875 0.24765625 0.078125 0.2828125
1 0.16875 0.24765625 0.0625 0.2671875
1 0.2046875 0.25234375 0.0515625 0.25
1 0.2328125 0.25078125 0.05625 0.2421875
1 0.26953125 0.22421875 0.0484375 0.2828125
1 0.3078125 0.21796875 0.0625 0.2859375
1 0.35390625 0.22890625 0.0734375 0.2515625
1 0.38984375 0.21640625 0.0453125 0.25625
1 0.434375 0.1921875 0.0984375 0.303125
1 0.478125 0.20078125 0.075 0.26875
1 0.521875 0.20859375 0.071875 0.234375
1 0.559375 0.19140625 0.078125 0.2546875
1 0.59609375 0.1921875 0.0859375 0.2453125
1 0.6484375 0.175 0.1125 0.265625
1 0.68359375 0.17265625 0.08125 0.2546875
1 0.71484375 0.165625 0.0765625 0.2515625
1 0.75078125 0.17265625 0.0828125 0.2296875
1 0.81796875 0.15859375 0.0796875 0.240625
1 0.85 0.14921875 0.084375 0.246875
1 0.87890625 0.16015625 0.0921875 0.2171875
1 0.9203125 0.14140625 0.0984375 0.2421875
1 0.07421875 0.6109375 0.06875 0.203125
1 0.11171875 0.59765625 0.078125 0.21875
1 0.15390625 0.58671875 0.0765625 0.2171875
1 0.1984375 0.57421875 0.071875 0.225
1 0.23828125 0.56953125 0.05 0.2203125
1 0.26484375 0.57109375 0.040625 0.196875
1 0.28828125 0.56640625 0.0453125 0.196875
1 0.31171875 0.56875 0.0328125 0.1859375
1 0.35 0.54765625 0.0734375 0.2203125
1 0.3921875 0.53671875 0.04375 0.2125
1 0.41171875 0.528125 0.034375 0.2171875
1 0.4359375 0.5296875 0.0515625 0.2078125
1 0.484375 0.528125 0.0796875 0.190625
1 0.5265625 0.509375 0.053125 0.209375
1 0.559375 0.50078125 0.0578125 0.209375
1 0.5921875 0.50078125 0.0609375 0.196875
1 0.61796875 0.5046875 0.0484375 0.175
1 0.67265625 0.48515625 0.0640625 0.1984375
1 0.69609375 0.4828125 0.0515625 0.18125
1 0.721875 0.47890625 0.0515625 0.1734375
1 0.75 0.475 0.0609375 0.175
1 0.78125 0.47265625 0.0609375 0.16875
1 0.8125 0.4625 0.071875 0.1765625
1 0.83984375 0.45625 0.0578125 0.16875
1 0.86171875 0.45625 0.0515625 0.1609375
1 0.8875 0.43828125 0.065625 0.190625
1 0.91171875 0.43671875 0.06875 0.1828125
1 0.94453125 0.42890625 0.0796875 0.18125
1 0.0890625 0.90078125 0.059375 0.1734375
1 0.11484375 0.896875 0.0578125 0.171875
1 0.1390625 0.88515625 0.06875 0.184375
1 0.17265625 0.87578125 0.059375 0.1734375
1 0.20703125 0.88125 0.0578125 0.1578125
1 0.23984375 0.834375 0.084375 0.2296875
1 0.27890625 0.846875 0.046875 0.18125
1 0.30390625 0.846875 0.05 0.1671875
1 0.334375 0.840625 0.0515625 0.159375
1 0.3625 0.83046875 0.04375 0.1671875
1 0.38671875 0.82734375 0.0390625 0.1578125
1 0.40703125 0.82109375 0.0375 0.15625
1 0.42890625 0.80625 0.05 0.1765625
1 0.46328125 0.79375 0.046875 0.184375
1 0.49609375 0.78359375 0.05 0.1828125
1 0.53515625 0.78359375 0.0546875 0.1640625
1 0.56328125 0.775 0.0296875 0.15625
1 0.584375 0.7578125 0.0359375 0.1734375
1 0.60234375 0.7625 0.028125 0.153125
1 0.64375 0.73984375 0.046875 0.1796875
1 0.6671875 0.73515625 0.0328125 0.1703125
1 0.69921875 0.73203125 0.0453125 0.1609375
1 0.7234375 0.721875 0.0421875 0.1734375
1 0.75625 0.69453125 0.0765625 0.21875
1 0.7890625 0.7046875 0.0484375 0.1703125
1 0.809375 0.7078125 0.0421875 0.15625
1 0.82734375 0.6953125 0.04375 0.1703125
1 0.8484375 0.6875 0.053125 0.171875
1 0.871875 0.69453125 0.0453125 0.14375
1 0.9046875 0.665625 0.08125 0.1859375