1 0.12578125 0.1296875 0.0484375 0.2046875
1 0.16640625 0.12421875 0.053125 0.225
1 0.18984375 0.1453125 0.0328125 0.1921875
1 0.2078125 0.1375 0.0390625 0.2171875
1 0.2265625 0.14765625 0.0328125 0.2015625
1 0.24921875 0.14921875 0.0375 0.2046875
1 0.26953125 0.14921875 0.0328125 0.215625
1 0.3 0.1515625 0.0515625 0.21875
1 0.33125 0.16875 0.0296875 0.190625
1 0.3609375 0.16875 0.04375 0.2046875
1 0.39140625 0.1765625 0.040625 0.1953125
1 0.4203125 0.1796875 0.0390625 0.2015625
1 0.4484375 0.20234375 0.03125 0.1609375
1 0.47265625 0.1859375 0.046875 0.2109375
1 0.50390625 0.190625 0.0390625 0.2015625
1 0.53203125 0.203125 0.040625 0.1875
1 0.5578125 0.20703125 0.0375 0.190625
1 0.59140625 0.2171875 0.046875 0.1765625
1 0.63125 0.225 0.0453125 0.18125
1 0.6671875 0.21953125 0.04375 0.196875
1 0.7109375 0.23125 0.05625 0.18125
1 0.7421875 0.25 0.028125 0.153125
1 0.759375 0.24140625 0.025 0.18125
1 0.7953125 0.25 0.0421875 0.171875
1 0.8265625 0.2625 0.0359375 0.1640625
1 0.8515625 0.25234375 0.034375 0.1890625
1 0.87578125 0.2546875 0.0453125 0.1921875
1 0.10703125 0.4453125 0.0625 0.2515625
1 0.17265625 0.4484375 0.078125 0.259375
1 0.2359375 0.46171875 0.0515625 0.2328125
1 0.2765625 0.465625 0.04375 0.2359375
1 0.30546875 0.47890625 0.0328125 0.2125
1 0.3328125 0.48203125 0.0375 0.2171875
1 0.37421875 0.48828125 0.059375 0.203125
1 0.4140625 0.48671875 0.0375 0.209375
1 0.44375 0.48125 0.0421875 0.225
1 0.478125 0.50078125 0.03125 0.190625
1 0.5 0.4890625 0.053125 0.221875
1 0.5390625 0.4921875 0.0453125 0.2203125
1 0.56953125 0.496875 0.0359375 0.2125
1 0.59921875 0.50625 0.0359375 0.20625
1 0.65703125 0.50703125 0.0359375 0.209375
1 0.6203125 0.50234375 0.0265625 0.215625
1 0.68671875 0.5328125 0.034375 0.1625
1 0.70859375 0.52578125 0.0375 0.178125
1 0.7296875 0.52421875 0.03125 0.1796875
1 0.75 0.52265625 0.0328125 0.1921875
1 0.775 0.521875 0.0296875 0.190625
1 0.80703125 0.5203125 0.0359375 0.2078125
1 0.83515625 0.54140625 0.059375 0.171875
1 0.87109375 0.53359375 0.040625 0.190625
1 0.89609375 0.53515625 0.040625 0.1859375
1 0.9171875 0.5453125 0.04375 0.1703125
1 0.05 0.8171875 0.034375 0.2453125
1 0.0875 0.809375 0.053125 0.2671875
1 0.1453125 0.82109375 0.06875 0.2453125
1 0.20859375 0.8171875 0.05 0.246875
1 0.24140625 0.82734375 0.0375 0.225
1 0.26875 0.8234375 0.0359375 0.2234375
1 0.2953125 0.8359375 0.0375 0.2015625
1 0.3421875 0.81953125 0.0296875 0.2328125
1 0.3640625 0.81015625 0.0375 0.253125
1 0.3921875 0.81875 0.0390625 0.2265625
1 0.4296875 0.80859375 0.053125 0.2515625
1 0.45859375 0.81875 0.0359375 0.2328125
1 0.48125 0.83828125 0.0296875 0.19375
1 0.50546875 0.81875 0.03125 0.228125
1 0.53515625 0.8078125 0.040625 0.25
1 0.58515625 0.81875 0.034375 0.2265625
1 0.60625 0.81796875 0.0390625 0.2234375
1 0.65703125 0.81484375 0.046875 0.2265625
1 0.68984375 0.8015625 0.053125 0.25
1 0.725 0.81953125 0.0484375 0.215625
1 0.75390625 0.8203125 0.0328125 0.2125
1 0.78046875 0.815625 0.0390625 0.2234375
1 0.80703125 0.8203125 0.0328125 0.209375
1 0.8421875 0.81484375 0.046875 0.2203125
1 0.8765625 0.8234375 0.0375 0.196875
1 0.91875 0.8203125 0.0375 0.20625
1 0.94140625 0.8171875 0.0375 0.2109375