1 0.16640625 0.17890625 0.0953125 0.3578125
1 0.2234375 0.184375 0.10625 0.36875
1 0.27578125 0.1921875 0.084375 0.365625
1 0.315625 0.19921875 0.0828125 0.3734375
1 0.3390625 0.20546875 0.071875 0.3671875
1 0.3625 0.2265625 0.06875 0.33125
1 0.39609375 0.240625 0.084375 0.321875
1 0.43203125 0.24140625 0.0640625 0.328125
1 0.45703125 0.23515625 0.078125 0.353125
1 0.4828125 0.26640625 0.0578125 0.2921875
1 0.5046875 0.24609375 0.0765625 0.34375
1 0.53671875 0.25234375 0.071875 0.346875
1 0.56484375 0.2640625 0.0640625 0.3328125
1 0.584375 0.278125 0.0609375 0.3140625
1 0.60546875 0.271875 0.053125 0.321875
1 0.61875 0.2953125 0.05 0.28125
1 0.63515625 0.27890625 0.053125 0.31875
1 0.6578125 0.32421875 0.046875 0.24375
1 0.675 0.31328125 0.046875 0.2609375
1 0.69375 0.30390625 0.0546875 0.2953125
1 0.7125 0.30703125 0.0578125 0.2921875
1 0.72734375 0.309375 0.0578125 0.2953125
1 0.75703125 0.309375 0.0484375 0.3046875
1 0.778125 0.3390625 0.0671875 0.25625
1 0.81015625 0.32890625 0.0515625 0.2796875
1 0.828125 0.3328125 0.053125 0.28125
1 0.84375 0.33984375 0.0546875 0.275
1 0.0375 0.70703125 0.075 0.4671875
1 0.10078125 0.7453125 0.0578125 0.38125
1 0.13203125 0.728125 0.0734375 0.4171875
1 0.18203125 0.74609375 0.0796875 0.375
1 0.2375 0.74375 0.0671875 0.3765625
1 0.21171875 0.76171875 0.0453125 0.3375
1 0.2640625 0.75859375 0.0578125 0.334375
1 0.2875 0.7609375 0.0546875 0.3375
1 0.309375 0.7765625 0.0578125 0.3015625
1 0.35 0.7515625 0.0609375 0.35
1 0.36953125 0.73671875 0.0703125 0.3796875
1 0.390625 0.7515625 0.065625 0.3453125
1 0.42265625 0.7359375 0.075 0.3765625
1 0.4484375 0.746875 0.05625 0.34375
1 0.465625 0.77890625 0.05 0.28125
1 0.4875 0.74921875 0.065625 0.340625
1 0.5109375 0.7359375 0.06875 0.3671875
1 0.55234375 0.75078125 0.059375 0.3296875
1 0.5703125 0.75078125 0.0578125 0.3296875
1 0.5890625 0.753125 0.0578125 0.33125
1 0.6109375 0.7453125 0.065625 0.3453125
1 0.63828125 0.73359375 0.0703125 0.3671875
1 0.665625 0.7546875 0.0640625 0.3203125
1 0.68984375 0.7578125 0.0546875 0.3125
1 0.71171875 0.75078125 0.0625 0.33125
1 0.73203125 0.7625 0.0515625 0.3
1 0.7625 0.75390625 0.0640625 0.3203125
1 0.7859375 0.76796875 0.0578125 0.2890625
1 0.80546875 0.753125 0.0515625 0.3109375
1 0.82265625 0.76171875 0.05625 0.303125
1 0.84296875 0.75625 0.0609375 0.3078125