1 0.18515625 0.5265625 0.0625 0.3828125
1 0.22890625 0.46875 0.0734375 0.4796875
1 0.26953125 0.4765625 0.059375 0.4421875
1 0.31015625 0.4875 0.0671875 0.4171875
1 0.35078125 0.47421875 0.0453125 0.4203125
1 0.38046875 0.475 0.0421875 0.40625
1 0.40546875 0.4890625 0.0375 0.3703125
1 0.43203125 0.475 0.0390625 0.3890625
1 0.45625 0.4546875 0.04375 0.4140625
1 0.48046875 0.4609375 0.046875 0.396875
1 0.503125 0.46015625 0.0421875 0.3859375
1 0.53125 0.46015625 0.059375 0.3859375
1 0.5578125 0.45703125 0.0484375 0.3765625
1 0.58203125 0.45546875 0.0625 0.375
1 0.61953125 0.47109375 0.075 0.328125
1 0.65234375 0.45390625 0.05625 0.346875
1 0.6703125 0.47578125 0.046875 0.2953125
1 0.72421875 0.46328125 0.0734375 0.309375
1 0.7640625 0.45234375 0.0484375 0.303125
1 0.74765625 0.48515625 0.0359375 0.2421875
1 0.7890625 0.4484375 0.059375 0.3125
1 0.8140625 0.44609375 0.05625 0.3046875
1 0.8265625 0.45859375 0.04375 0.2765625
1 0.8390625 0.4515625 0.0453125 0.284375
1 0.85 0.4515625 0.05 0.2890625
1 0.87578125 0.45 0.05625 0.28125
1 0.6625 0.865625 0.0625 0.26875
1 0.68515625 0.865625 0.0484375 0.26875
1 0.696875 0.8609375 0.046875 0.278125
1 0.7171875 0.86796875 0.04375 0.25625
1 0.73359375 0.884375 0.0375 0.2140625
1 0.75390625 0.853125 0.04375 0.2609375
1 0.7703125 0.83984375 0.0453125 0.2671875
1 0.784375 0.84921875 0.0453125 0.2359375
1 0.80546875 0.828125 0.0484375 0.2640625
1 0.8203125 0.83203125 0.040625 0.2328125
1 0.84140625 0.82109375 0.040625 0.2234375
1 0.8328125 0.81640625 0.0390625 0.2359375