1 0.18515625 0.47109375 0.1265625 0.3828125
1 0.23828125 0.421875 0.1546875 0.4796875
1 0.27734375 0.43671875 0.134375 0.440625
1 0.315625 0.4546875 0.1375 0.4171875
1 0.3578125 0.44921875 0.1171875 0.415625
1 0.38671875 0.4546875 0.1109375 0.403125
1 0.409375 0.47265625 0.1015625 0.365625
1 0.4375 0.46328125 0.10625 0.3859375
1 0.46484375 0.44765625 0.1140625 0.409375
1 0.4875 0.4578125 0.115625 0.39375
1 0.51015625 0.46171875 0.109375 0.3828125
1 0.5375 0.46640625 0.1234375 0.384375
1 0.5640625 0.4671875 0.1125 0.3734375
1 0.58828125 0.4703125 0.1265625 0.375
1 0.62265625 0.49296875 0.1296875 0.3328125
1 0.65859375 0.48125 0.115625 0.346875
1 0.671875 0.50546875 0.096875 0.2953125
1 0.72734375 0.503125 0.125 0.3140625
1 0.76875 0.4984375 0.1 0.303125
1 0.74609375 0.528125 0.0765625 0.2421875
1 0.79296875 0.49921875 0.1125 0.3140625
1 0.81875 0.5015625 0.1078125 0.30625
1 0.82890625 0.515625 0.0921875 0.2765625
1 0.84296875 0.51171875 0.0921875 0.284375
1 0.853125 0.5125 0.1 0.290625
1 0.878125 0.515625 0.103125 0.2828125
1 0.5953125 0.87578125 0.109375 0.2484375
1 0.61796875 0.878125 0.0953125 0.24375
1 0.63046875 0.875 0.0953125 0.25
1 0.65 0.8859375 0.0875 0.228125
1 0.66328125 0.90546875 0.0734375 0.1890625
1 0.68828125 0.88046875 0.0890625 0.2390625
1 0.70625 0.87421875 0.090625 0.2515625
1 0.71796875 0.88671875 0.0859375 0.2265625
1 0.74296875 0.87109375 0.0921875 0.2578125
1 0.7578125 0.88203125 0.08125 0.2328125
1 0.78046875 0.87578125 0.078125 0.2234375
1 0.77265625 0.86953125 0.0796875 0.2359375