1 0.14296875 0.44921875 0.08125 0.1859375
1 0.1765625 0.41328125 0.0890625 0.2328125
1 0.221875 0.40546875 0.078125 0.228125
1 0.265625 0.39765625 0.0734375 0.2234375
1 0.296875 0.39453125 0.0703125 0.2125
1 0.32578125 0.39375 0.065625 0.2
1 0.35078125 0.3890625 0.065625 0.196875
1 0.378125 0.36796875 0.078125 0.221875
1 0.409375 0.35859375 0.0890625 0.228125
1 0.4421875 0.365625 0.0859375 0.2015625
1 0.47265625 0.35078125 0.078125 0.2078125
1 0.50546875 0.33125 0.1234375 0.2484375
1 0.540625 0.33125 0.090625 0.215625
1 0.18984375 0.70625 0.0734375 0.2015625
1 0.228125 0.70546875 0.0609375 0.175
1 0.25546875 0.6875 0.0640625 0.19375
1 0.29140625 0.67734375 0.0640625 0.1890625
1 0.328125 0.6625 0.0671875 0.1984375
1 0.35859375 0.65625 0.05625 0.190625
1 0.378125 0.65390625 0.0453125 0.1734375
1 0.39609375 0.65078125 0.0546875 0.16875
1 0.44765625 0.6296875 0.0953125 0.1953125
1 0.48046875 0.61484375 0.06875 0.1875
1 0.49765625 0.60625 0.0640625 0.1875
1 0.51796875 0.60625 0.06875 0.1765625
1 0.55703125 0.60234375 0.0890625 0.171875
1 0.590625 0.58125 0.075 0.1875
1 0.61875 0.57578125 0.075 0.178125
1 0.64609375 0.56796875 0.075 0.1765625
1 0.66875 0.5703125 0.065625 0.159375
1 0.709375 0.5484375 0.0765625 0.175
1 0.7328125 0.54609375 0.065625 0.159375
1 0.775 0.5359375 0.06875 0.1484375
1 0.7984375 0.52890625 0.065625 0.1484375
1 0.8265625 0.521875 0.0828125 0.15625
1 0.246875 0.93828125 0.05625 0.1234375
1 0.26484375 0.9375 0.0546875 0.125
1 0.2890625 0.928125 0.059375 0.14375
1 0.31015625 0.92578125 0.0515625 0.1484375
1 0.34140625 0.9296875 0.0546875 0.140625
1 0.36640625 0.88828125 0.0765625 0.2125
1 0.4015625 0.896875 0.05 0.1671875
1 0.4234375 0.89453125 0.05 0.1515625
1 0.44921875 0.88828125 0.05625 0.15
1 0.4703125 0.87734375 0.05 0.1546875
1 0.4921875 0.871875 0.0421875 0.140625
1 0.525 0.84921875 0.0578125 0.165625
1 0.5546875 0.8359375 0.065625 0.1734375
1 0.5859375 0.825 0.0640625 0.1640625
1 0.615625 0.82578125 0.0703125 0.1578125
1 0.6546875 0.796875 0.0578125 0.1625
1 0.70625 0.775 0.06875 0.1640625
1 0.72578125 0.7703125 0.0484375 0.15
1 0.75 0.7671875 0.0625 0.1515625
1 0.796875 0.7265625 0.09375 0.196875
1 0.82578125 0.73125 0.0625 0.1578125
1 0.84375 0.7328125 0.0515625 0.1359375
1 0.875 0.71640625 0.065625 0.1578125
1 0.8953125 0.71640625 0.059375 0.134375
1 0.925 0.6921875 0.084375 0.16875