1 0.11875 0.2203125 0.0890625 0.3890625
1 0.1765625 0.21796875 0.1 0.396875
1 0.23046875 0.23046875 0.078125 0.365625
1 0.2703125 0.23203125 0.0765625 0.371875
1 0.2953125 0.23359375 0.065625 0.3671875
1 0.32109375 0.2515625 0.0640625 0.33125
1 0.35703125 0.26015625 0.078125 0.321875
1 0.3921875 0.25546875 0.0578125 0.328125
1 0.41640625 0.2453125 0.0734375 0.353125
1 0.44609375 0.271875 0.0515625 0.2921875
1 0.46484375 0.2484375 0.0703125 0.34375
1 0.49765625 0.24921875 0.0671875 0.3453125
1 0.5265625 0.25703125 0.0578125 0.3328125
1 0.5484375 0.26796875 0.0546875 0.3125
1 0.56875 0.2578125 0.046875 0.321875
1 0.5859375 0.2796875 0.04375 0.28125
1 0.59921875 0.26015625 0.046875 0.31875
1 0.62890625 0.3015625 0.0421875 0.2453125
1 0.64375 0.28828125 0.04375 0.2609375
1 0.66015625 0.27578125 0.05 0.2953125
1 0.6796875 0.27578125 0.053125 0.2921875
1 0.6953125 0.2765625 0.053125 0.2953125
1 0.7234375 0.27109375 0.04375 0.3046875
1 0.75 0.29765625 0.0625 0.25625
1 0.77890625 0.28203125 0.046875 0.2796875
1 0.7984375 0.28359375 0.0484375 0.28125
1 0.8140625 0.2875 0.05 0.2734375
1 0.05546875 0.7734375 0.1078125 0.453125
1 0.14375 0.8046875 0.0515625 0.38125
1 0.171875 0.7828125 0.065625 0.4171875
1 0.22421875 0.79296875 0.0734375 0.375
1 0.278125 0.78203125 0.0609375 0.3765625
1 0.25625 0.80390625 0.0390625 0.3390625
1 0.30703125 0.7921875 0.0515625 0.334375
1 0.33046875 0.790625 0.0484375 0.3375
1 0.35546875 0.803125 0.053125 0.3015625
1 0.39140625 0.771875 0.05625 0.35
1 0.4078125 0.75390625 0.0640625 0.3796875
1 0.43125 0.765625 0.059375 0.3453125
1 0.4609375 0.74453125 0.06875 0.3765625
1 0.4875 0.75234375 0.0484375 0.34375
1 0.509375 0.78046875 0.0453125 0.28125
1 0.5265625 0.74765625 0.0609375 0.340625
1 0.54765625 0.73125 0.0625 0.3671875
1 0.59140625 0.73984375 0.0546875 0.3296875
1 0.60859375 0.73671875 0.053125 0.3296875
1 0.62734375 0.7359375 0.0515625 0.33125
1 0.6484375 0.72421875 0.059375 0.3453125
1 0.67265625 0.70859375 0.0640625 0.3671875
1 0.70390625 0.72578125 0.059375 0.3203125
1 0.728125 0.725 0.0484375 0.3125
1 0.7484375 0.7140625 0.05625 0.33125
1 0.7703125 0.7234375 0.046875 0.3
1 0.79921875 0.709375 0.059375 0.3203125
1 0.825 0.7203125 0.053125 0.2890625
1 0.84140625 0.70234375 0.046875 0.3109375
1 0.86015625 0.70859375 0.05 0.303125
1 0.87890625 0.69921875 0.05625 0.3078125