1 0.89609375 0.8734375 0.0578125 0.253125
1 0.0984375 0.54921875 0.1078125 0.5296875
1 0.153125 0.5734375 0.0765625 0.4515625
1 0.1984375 0.553125 0.0890625 0.484375
1 0.246875 0.55078125 0.08125 0.4671875
1 0.3 0.5390625 0.071875 0.471875
1 0.3390625 0.53984375 0.05625 0.4703125
1 0.365625 0.55546875 0.04375 0.4171875
1 0.3921875 0.559375 0.0515625 0.40625
1 0.41640625 0.5671875 0.0421875 0.378125
1 0.45859375 0.53671875 0.090625 0.4390625
1 0.5 0.53046875 0.0609375 0.4234375
1 0.52109375 0.52421875 0.0515625 0.4328125
1 0.54140625 0.5328125 0.0625 0.40625
1 0.58125 0.5515625 0.0859375 0.359375
1 0.63046875 0.525 0.065625 0.4
1 0.6546875 0.521875 0.06875 0.3921875
1 0.68203125 0.53359375 0.065625 0.3625
1 0.70234375 0.546875 0.0515625 0.3265625
1 0.7484375 0.528125 0.0703125 0.3609375
1 0.765625 0.53984375 0.0515625 0.321875
1 0.78515625 0.5375 0.0546875 0.30625
1 0.8046875 0.53359375 0.05625 0.3125
1 0.828125 0.5390625 0.05625 0.2953125
1 0.8515625 0.5375 0.0625 0.29375
1 0.88359375 0.53046875 0.0328125 0.284375
1 0.890625 0.5390625 0.0453125 0.2796875
1 0.90703125 0.515625 0.05625 0.3140625
1 0.92734375 0.521875 0.0578125 0.2984375
1 0.946875 0.51875 0.059375 0.2921875