1 0.0765625 0.24609375 0.125 0.4921875
1 0.1296875 0.25 0.134375 0.5
1 0.16328125 0.25703125 0.090625 0.4921875
1 0.2078125 0.25859375 0.14375 0.5171875
1 0.25078125 0.2890625 0.0828125 0.4515625
1 0.28984375 0.265625 0.1203125 0.5109375
1 0.3234375 0.3 0.0953125 0.446875
1 0.35703125 0.3046875 0.0890625 0.440625
1 0.384375 0.33515625 0.0859375 0.390625
1 0.41796875 0.290625 0.09375 0.48125
1 0.440625 0.31171875 0.096875 0.45
1 0.46953125 0.2984375 0.1 0.484375
1 0.49375 0.33125 0.0875 0.4296875
1 0.53125 0.3140625 0.10625 0.471875
1 0.5609375 0.340625 0.078125 0.421875
1 0.578125 0.38359375 0.0703125 0.3359375
1 0.60703125 0.35078125 0.08125 0.4078125
1 0.63359375 0.340625 0.0875 0.4390625
1 0.6515625 0.3828125 0.06875 0.35625
1 0.67890625 0.3703125 0.078125 0.384375
1 0.69765625 0.3765625 0.0734375 0.3765625
1 0.71953125 0.38203125 0.078125 0.378125
1 0.74453125 0.37890625 0.084375 0.390625
1 0.7765625 0.3703125 0.09375 0.415625
1 0.79921875 0.403125 0.078125 0.3515625
1 0.81953125 0.40625 0.0703125 0.35
1 0.83984375 0.4046875 0.078125 0.35625
1 0.8578125 0.42578125 0.065625 0.31875
1 0.8859375 0.42109375 0.0734375 0.340625
1 0.90703125 0.44140625 0.06875 0.30625
1 0.93515625 0.43671875 0.06875 0.315625
1 0.75859375 0.85546875 0.0734375 0.2890625
1 0.79296875 0.8546875 0.0796875 0.290625
1 0.8234375 0.86015625 0.06875 0.2796875
1 0.8390625 0.8625 0.065625 0.275
1 0.86875 0.86328125 0.078125 0.2734375