1 0.0703125 0.6484375 0.1109375 0.5125
1 0.1125 0.625 0.1234375 0.5296875
1 0.16640625 0.62109375 0.0984375 0.49375
1 0.21484375 0.6390625 0.0984375 0.4390625
1 0.26328125 0.521875 0.1203125 0.640625
1 0.3203125 0.575 0.059375 0.490625
1 0.3515625 0.5921875 0.0640625 0.44375
1 0.39296875 0.58515625 0.05625 0.421875
1 0.43046875 0.56875 0.0390625 0.425
1 0.45703125 0.57890625 0.0328125 0.3859375
1 0.48125 0.56875 0.034375 0.39375
1 0.5109375 0.540625 0.04375 0.4390625
1 0.55 0.5171875 0.0421875 0.453125
1 0.5921875 0.5125 0.0515625 0.4359375
1 0.62890625 0.5265625 0.059375 0.3765625
1 0.65703125 0.52421875 0.040625 0.371875
1 0.67265625 0.4953125 0.0484375 0.409375
1 0.7375 0.4734375 0.059375 0.3984375
1 0.75859375 0.47578125 0.046875 0.3671875
1 0.77421875 0.46796875 0.04375 0.371875
1 0.7875 0.484375 0.0484375 0.3390625
1 0.81015625 0.46171875 0.0515625 0.36875
1 0.846875 0.4171875 0.084375 0.4546875
1 0.86640625 0.45 0.059375 0.3609375
1 0.88359375 0.46640625 0.053125 0.3140625
1 0.89765625 0.44296875 0.0546875 0.3515625
1 0.9203125 0.43984375 0.0609375 0.34375
1 0.93203125 0.4609375 0.053125 0.2921875
1 0.96171875 0.41640625 0.0765625 0.3640625