1 0.07578125 0.56328125 0.1515625 0.5203125
1 0.103125 0.5484375 0.20625 0.540625
1 0.15 0.5546875 0.190625 0.5015625
1 0.19375 0.58203125 0.1796875 0.446875
1 0.2640625 0.47578125 0.240625 0.6484375
1 0.309375 0.5390625 0.1515625 0.490625
1 0.33671875 0.56171875 0.1484375 0.4453125
1 0.37890625 0.56328125 0.1359375 0.421875
1 0.41875 0.5546875 0.11875 0.421875
1 0.44296875 0.56953125 0.10625 0.38125
1 0.46875 0.5640625 0.109375 0.390625
1 0.503125 0.5421875 0.1265625 0.4375
1 0.5453125 0.5265625 0.128125 0.45
1 0.58828125 0.5296875 0.134375 0.4359375
1 0.621875 0.55078125 0.1296875 0.378125
1 0.65 0.553125 0.1109375 0.3703125
1 0.6703125 0.528125 0.125 0.4078125
1 0.7375 0.51953125 0.134375 0.4
1 0.7578125 0.525 0.115625 0.3671875
1 0.775 0.52109375 0.1125 0.371875
1 0.78515625 0.53984375 0.1125 0.3390625
1 0.81171875 0.521875 0.1203125 0.36875
1 0.85625 0.484375 0.16875 0.459375
1 0.86953125 0.52109375 0.1265625 0.3625
1 0.8828125 0.53984375 0.1109375 0.315625
1 0.9015625 0.51953125 0.121875 0.353125
1 0.92421875 0.521875 0.125 0.3453125
1 0.93125 0.54375 0.1078125 0.2953125
1 0.9484375 0.50625 0.103125 0.36875