1 0.1546875 0.1625 0.0640625 0.26875
1 0.22421875 0.1609375 0.0796875 0.28125
1 0.2859375 0.17890625 0.046875 0.2484375
1 0.3296875 0.17890625 0.0453125 0.2515625
1 0.359375 0.1890625 0.03125 0.2328125
1 0.3859375 0.196875 0.0390625 0.2265625
1 0.428125 0.20703125 0.05625 0.2171875
1 0.46796875 0.203125 0.0390625 0.225
1 0.5015625 0.19609375 0.0421875 0.24375
1 0.5296875 0.221875 0.0265625 0.203125
1 0.55546875 0.20390625 0.0421875 0.2296875
1 0.59765625 0.20546875 0.0515625 0.2359375
1 0.62890625 0.209375 0.0453125 0.228125
1 0.65703125 0.22109375 0.04375 0.2140625
1 0.71875 0.21796875 0.0421875 0.2203125
1 0.74609375 0.24765625 0.0296875 0.165625
1 0.76953125 0.240625 0.034375 0.1890625
1 0.790625 0.23125 0.0375 0.20625
1 0.8125 0.23125 0.0359375 0.2046875
1 0.83671875 0.23203125 0.040625 0.2015625
1 0.86796875 0.23125 0.0359375 0.2125
1 0.8953125 0.25 0.05 0.1828125
1 0.93125 0.24140625 0.025 0.196875
1 0.9578125 0.2421875 0.0375 0.1921875
1 0.978125 0.2484375 0.0328125 0.1765625
1 0.04609375 0.5125 0.0921875 0.284375
1 0.128125 0.534375 0.0359375 0.240625
1 0.1625 0.52265625 0.0546875 0.2578125
1 0.22265625 0.534375 0.0734375 0.2296875
1 0.2796875 0.5296875 0.0515625 0.2359375
1 0.25625 0.5421875 0.0359375 0.2046875
1 0.31171875 0.5390625 0.04375 0.209375
1 0.340625 0.5375 0.0375 0.2078125
1 0.36484375 0.54921875 0.0390625 0.1875
1 0.4046875 0.5328125 0.034375 0.21875
1 0.43125 0.5234375 0.0359375 0.240625
1 0.45703125 0.53203125 0.0390625 0.21875
1 0.49140625 0.51875 0.0546875 0.2375
1 0.521875 0.528125 0.0359375 0.2140625
1 0.54453125 0.54609375 0.0359375 0.1796875
1 0.56796875 0.52890625 0.0390625 0.2171875
1 0.59375 0.51953125 0.04375 0.234375
1 0.6421875 0.5265625 0.0359375 0.209375
1 0.6640625 0.5265625 0.0421875 0.2109375
1 0.709375 0.52578125 0.0484375 0.2046875
1 0.74765625 0.51171875 0.0578125 0.2359375
1 0.78125 0.5265625 0.053125 0.203125
1 0.80625 0.5265625 0.04375 0.2046875
1 0.8328125 0.5203125 0.0515625 0.2078125
1 0.8578125 0.52890625 0.04375 0.1890625
1 0.896875 0.51953125 0.0484375 0.2078125
1 0.92265625 0.5296875 0.0484375 0.1875
1 0.9671875 0.52265625 0.0453125 0.190625
1 0.984375 0.5203125 0.03125 0.196875
1 0.11875 0.903125 0.046875 0.19375
1 0.1546875 0.87578125 0.053125 0.2484375
1 0.19453125 0.8796875 0.0515625 0.240625
1 0.234375 0.88203125 0.0609375 0.2359375
1 0.27265625 0.87421875 0.040625 0.240625
1 0.3046875 0.8734375 0.05 0.2375
1 0.33515625 0.875 0.0390625 0.225
1 0.35859375 0.86640625 0.046875 0.234375
1 0.38671875 0.85390625 0.04375 0.25
1 0.415625 0.8546875 0.0453125 0.2421875
1 0.43984375 0.85234375 0.046875 0.2390625
1 0.4734375 0.84921875 0.0640625 0.2421875
1 0.50625 0.84375 0.046875 0.2375
1 0.5359375 0.83984375 0.0609375 0.2421875
1 0.5875 0.85 0.0796875 0.215625
1 0.6296875 0.8328125 0.0546875 0.2359375
1 0.65625 0.84140625 0.0453125 0.1984375
1 0.7328125 0.83046875 0.084375 0.2140625
1 0.79140625 0.8171875 0.04375 0.2140625
1 0.8265625 0.81171875 0.0609375 0.2203125
1 0.86484375 0.80859375 0.059375 0.2203125
1 0.9078125 0.809375 0.0375 0.2046875
1 0.92421875 0.80859375 0.0421875 0.2078125
1 0.9625 0.80625 0.0484375 0.2015625