1 0.815625 0.90703125 0.109375 0.1859375
1 0.09921875 0.47109375 0.1984375 0.5296875
1 0.14609375 0.50625 0.159375 0.45
1 0.19375 0.49453125 0.1796875 0.4828125
1 0.2421875 0.5015625 0.1671875 0.465625
1 0.29609375 0.5 0.159375 0.4671875
1 0.334375 0.50859375 0.14375 0.4625
1 0.3578125 0.52890625 0.121875 0.409375
1 0.3828125 0.5375 0.1265625 0.4
1 0.40546875 0.55 0.1125 0.371875
1 0.45234375 0.528125 0.171875 0.4390625
1 0.49453125 0.5296875 0.140625 0.41875
1 0.51640625 0.528125 0.1328125 0.4265625
1 0.534375 0.53984375 0.1390625 0.403125
1 0.56953125 0.565625 0.1515625 0.3625
1 0.62265625 0.54921875 0.1390625 0.396875
1 0.64765625 0.5515625 0.140625 0.390625
1 0.67265625 0.56796875 0.1328125 0.3609375
1 0.68984375 0.584375 0.1109375 0.3234375
1 0.73828125 0.575 0.1359375 0.3609375
1 0.753125 0.58984375 0.1109375 0.31875
1 0.77265625 0.59140625 0.1125 0.30625
1 0.79296875 0.59140625 0.1140625 0.3109375
1 0.81484375 0.60078125 0.1109375 0.2953125
1 0.83828125 0.60390625 0.115625 0.29375
1 0.8703125 0.603125 0.0859375 0.2796875
1 0.87578125 0.61328125 0.096875 0.278125
1 0.89609375 0.59296875 0.115625 0.3125
1 0.915625 0.603125 0.1140625 0.2984375
1 0.934375 0.60390625 0.1140625 0.2921875