1 0.159375 0.10078125 0.065625 0.2015625
1 0.19921875 0.1046875 0.0734375 0.209375
1 0.221875 0.11953125 0.0484375 0.1921875
1 0.240625 0.11328125 0.05625 0.2171875
1 0.2578125 0.12578125 0.05 0.203125
1 0.28125 0.128125 0.0546875 0.20625
1 0.3015625 0.13046875 0.0515625 0.2171875
1 0.33125 0.13515625 0.0703125 0.2203125
1 0.36015625 0.15546875 0.046875 0.1921875
1 0.38984375 0.1578125 0.0609375 0.20625
1 0.4203125 0.16796875 0.0578125 0.1984375
1 0.4484375 0.17421875 0.05625 0.203125
1 0.475 0.19921875 0.0453125 0.1609375
1 0.5 0.184375 0.0640625 0.2140625
1 0.53046875 0.1921875 0.05625 0.2046875
1 0.5578125 0.20703125 0.05625 0.1890625
1 0.5828125 0.21328125 0.053125 0.190625
1 0.615625 0.22578125 0.0625 0.178125
1 0.6546875 0.2375 0.0609375 0.184375
1 0.690625 0.23515625 0.059375 0.2
1 0.73359375 0.25078125 0.071875 0.184375
1 0.76328125 0.271875 0.0421875 0.1546875
1 0.78046875 0.265625 0.040625 0.18125
1 0.81640625 0.2765625 0.0578125 0.1734375
1 0.84609375 0.2921875 0.05 0.165625
1 0.871875 0.28359375 0.05 0.1890625
1 0.89609375 0.28828125 0.0625 0.19375
1 0.11328125 0.41171875 0.0828125 0.253125
1 0.178125 0.4203125 0.1 0.2640625
1 0.240625 0.4390625 0.071875 0.234375
1 0.28046875 0.44609375 0.065625 0.2375
1 0.3078125 0.4625 0.0515625 0.2140625
1 0.33515625 0.4671875 0.05625 0.2171875
1 0.37578125 0.47734375 0.0765625 0.20625
1 0.41484375 0.4796875 0.05625 0.2109375
1 0.4453125 0.4765625 0.0609375 0.2265625
1 0.478125 0.49921875 0.0484375 0.1921875
1 0.5015625 0.4890625 0.0734375 0.225
1 0.53984375 0.4953125 0.0640625 0.2234375
1 0.56953125 0.503125 0.053125 0.2125
1 0.5984375 0.51484375 0.053125 0.20625
1 0.65546875 0.5203125 0.053125 0.2109375
1 0.61953125 0.51328125 0.0453125 0.215625
1 0.6828125 0.54921875 0.046875 0.1640625
1 0.70546875 0.54375 0.0515625 0.1796875
1 0.7265625 0.54453125 0.0484375 0.18125
1 0.746875 0.54453125 0.0484375 0.1921875
1 0.771875 0.54609375 0.046875 0.1921875
1 0.8046875 0.546875 0.053125 0.2078125
1 0.83046875 0.5703125 0.0734375 0.175
1 0.86640625 0.565625 0.0578125 0.1921875
1 0.89140625 0.56953125 0.05625 0.1875
1 0.91171875 0.58125 0.05625 0.171875
1 0.02578125 0.77578125 0.0515625 0.2453125
1 0.06171875 0.771875 0.0765625 0.26875
1 0.11875 0.7890625 0.0890625 0.2484375
1 0.18203125 0.790625 0.0703125 0.2484375
1 0.2140625 0.803125 0.0578125 0.2265625
1 0.24140625 0.80234375 0.0546875 0.2234375
1 0.26640625 0.8171875 0.0546875 0.2015625
1 0.31484375 0.8046875 0.05 0.2328125
1 0.3375 0.796875 0.0578125 0.253125
1 0.36484375 0.80859375 0.059375 0.228125
1 0.403125 0.8015625 0.0734375 0.253125
1 0.43046875 0.8140625 0.05625 0.2328125
1 0.4515625 0.8359375 0.046875 0.19375
1 0.47734375 0.81875 0.0515625 0.228125
1 0.50859375 0.809375 0.0625 0.25
1 0.55703125 0.825 0.053125 0.2265625
1 0.578125 0.82578125 0.0578125 0.2234375
1 0.62890625 0.82734375 0.065625 0.228125
1 0.6625 0.81640625 0.0734375 0.2515625
1 0.69609375 0.83828125 0.0671875 0.2171875
1 0.725 0.840625 0.0515625 0.2140625
1 0.75234375 0.8390625 0.059375 0.2234375
1 0.778125 0.84609375 0.0515625 0.2109375
1 0.81328125 0.84296875 0.065625 0.221875
1 0.846875 0.8546875 0.0546875 0.1984375
1 0.8890625 0.85546875 0.0546875 0.20625
1 0.9125 0.8546875 0.05625 0.2125