2 0.128125 0.1203125 0.13046875 0.13125
2 0.31015625 0.1203125 0.140625 0.15078125
2 0.50703125 0.1171875 0.1640625 0.13671875
2 0.68359375 0.11796875 0.13828125 0.1484375
2 0.86796875 0.121875 0.15625 0.15625
2 0.85859375 0.29375 0.1265625 0.128125
2 0.68359375 0.3 0.15234375 0.1375
2 0.4984375 0.29609375 0.15390625 0.13984375
2 0.31015625 0.29453125 0.140625 0.1375
2 0.11953125 0.29375 0.13671875 0.12890625
2 0.1296875 0.46328125 0.1421875 0.1421875
2 0.86484375 0.4609375 0.1265625 0.13671875
2 0.8828125 0.634375 0.1359375 0.1296875
2 0.6796875 0.640625 0.13125 0.14140625
2 0.5046875 0.63125 0.1234375 0.1234375
2 0.31875 0.63203125 0.134375 0.14375
2 0.13203125 0.62890625 0.13984375 0.146875
2 0.1328125 0.8109375 0.14921875 0.15
2 0.3140625 0.79765625 0.1375 0.1484375
2 0.49375 0.8046875 0.14140625 0.134375