1 0.0375 0.21875 0.075 0.290625
1 0.0890625 0.221875 0.071875 0.28125
1 0.14296875 0.221875 0.059375 0.28125
1 0.1875 0.225 0.04375 0.265625
1 0.22265625 0.23203125 0.034375 0.246875
1 0.25078125 0.2328125 0.0390625 0.240625
1 0.2890625 0.20859375 0.0296875 0.28125
1 0.328125 0.20546875 0.04375 0.2828125
1 0.3734375 0.21953125 0.05625 0.2484375
1 0.41015625 0.209375 0.0265625 0.25625
1 0.45625 0.18828125 0.078125 0.296875
1 0.49921875 0.2 0.05625 0.265625
1 0.5421875 0.2109375 0.05625 0.23125
1 0.58046875 0.19609375 0.0625 0.2515625
1 0.6171875 0.2 0.06875 0.240625
1 0.67109375 0.1859375 0.0953125 0.259375
1 0.70625 0.1859375 0.0640625 0.2515625
1 0.7375 0.18125 0.059375 0.246875
1 0.77265625 0.190625 0.0671875 0.225
1 0.84140625 0.18125 0.0625 0.2375
1 0.8734375 0.17421875 0.065625 0.2421875
1 0.9015625 0.1875 0.078125 0.2125
1 0.94453125 0.171875 0.0828125 0.2375
1 0.0671875 0.58125 0.05625 0.2
1 0.10546875 0.5703125 0.0640625 0.215625
1 0.1484375 0.5625 0.0625 0.2125
1 0.19375 0.553125 0.05625 0.221875
1 0.234375 0.55078125 0.034375 0.21875
1 0.26015625 0.5546875 0.0265625 0.196875
1 0.284375 0.5515625 0.03125 0.196875
1 0.30703125 0.55546875 0.0203125 0.184375
1 0.346875 0.53671875 0.059375 0.2171875
1 0.38984375 0.52890625 0.0296875 0.2109375
1 0.41015625 0.521875 0.01875 0.21875
1 0.434375 0.525 0.0375 0.2046875
1 0.4828125 0.52734375 0.0671875 0.1859375
1 0.52578125 0.5109375 0.040625 0.20625
1 0.559375 0.5046875 0.04375 0.20625
1 0.5921875 0.50703125 0.046875 0.19375
1 0.6171875 0.51328125 0.0375 0.1734375
1 0.6734375 0.496875 0.05 0.19375
1 0.696875 0.496875 0.0375 0.178125
1 0.72265625 0.49453125 0.0390625 0.1703125
1 0.75078125 0.4921875 0.0484375 0.171875
1 0.7828125 0.4921875 0.05 0.165625
1 0.8140625 0.484375 0.059375 0.171875
1 0.8421875 0.4796875 0.046875 0.165625
1 0.8640625 0.48125 0.040625 0.159375
1 0.890625 0.465625 0.053125 0.1875
1 0.91484375 0.465625 0.05625 0.178125
1 0.9484375 0.46015625 0.065625 0.1765625
1 0.0625 0.87109375 0.046875 0.1703125
1 0.08828125 0.86875 0.046875 0.16875
1 0.11328125 0.859375 0.05625 0.18125
1 0.146875 0.85234375 0.046875 0.1703125
1 0.18125 0.86015625 0.046875 0.15625
1 0.2171875 0.815625 0.06875 0.225
1 0.25546875 0.83046875 0.034375 0.1796875
1 0.28046875 0.83203125 0.0375 0.165625
1 0.3109375 0.828125 0.040625 0.15625
1 0.33984375 0.8203125 0.0328125 0.165625
1 0.3640625 0.81875 0.028125 0.15625
1 0.38515625 0.8140625 0.028125 0.1546875
1 0.4078125 0.80078125 0.0375 0.175
1 0.44296875 0.790625 0.034375 0.18125
1 0.4765625 0.7828125 0.0375 0.18125
1 0.515625 0.78515625 0.04375 0.1609375
1 0.54375 0.77890625 0.01875 0.15625
1 0.56640625 0.76328125 0.0234375 0.171875
1 0.58359375 0.76875 0.0171875 0.153125
1 0.6265625 0.74921875 0.034375 0.178125
1 0.65 0.74609375 0.021875 0.16875
1 0.6828125 0.7453125 0.034375 0.159375
1 0.7078125 0.73671875 0.03125 0.171875
1 0.7421875 0.71171875 0.0625 0.215625
1 0.77421875 0.72421875 0.0375 0.16875
1 0.79375 0.72890625 0.03125 0.1546875
1 0.81328125 0.71796875 0.0328125 0.16875
1 0.834375 0.71171875 0.040625 0.1703125
1 0.85703125 0.7203125 0.0359375 0.1421875
1 0.8921875 0.69375 0.06875 0.18125