1 0.921875 0.85625 0.0484375 0.2734375
1 0.103125 0.57734375 0.0890625 0.5265625
1 0.159375 0.59765625 0.0609375 0.4515625
1 0.203125 0.57421875 0.0734375 0.4828125
1 0.25078125 0.56875 0.065625 0.4671875
1 0.303125 0.55234375 0.0546875 0.4703125
1 0.3421875 0.5515625 0.0390625 0.46875
1 0.36953125 0.56484375 0.028125 0.415625
1 0.39609375 0.56640625 0.0375 0.4046875
1 0.421875 0.57265625 0.028125 0.378125
1 0.46171875 0.53984375 0.0765625 0.4359375
1 0.50234375 0.53046875 0.046875 0.421875
1 0.5234375 0.52265625 0.0375 0.4328125
1 0.54375 0.5296875 0.0484375 0.4046875
1 0.584375 0.5453125 0.0734375 0.359375
1 0.63125 0.515625 0.0515625 0.3984375
1 0.65546875 0.51171875 0.0546875 0.390625
1 0.684375 0.52109375 0.053125 0.3609375
1 0.70546875 0.53203125 0.0390625 0.325
1 0.74921875 0.51015625 0.0578125 0.3609375
1 0.76796875 0.52109375 0.040625 0.3203125
1 0.78671875 0.51796875 0.04375 0.30625
1 0.80625 0.5125 0.0453125 0.3109375
1 0.8296875 0.51640625 0.0453125 0.29375
1 0.853125 0.5125 0.0515625 0.2921875
1 0.884375 0.503125 0.0234375 0.284375
1 0.8921875 0.51171875 0.0359375 0.278125
1 0.90703125 0.4875 0.0453125 0.3125
1 0.928125 0.49140625 0.0484375 0.296875
1 0.946875 0.4875 0.0484375 0.290625