1 0.1890625 0.559375 0.075 0.3828125
1 0.22734375 0.496875 0.0890625 0.48125
1 0.26796875 0.50078125 0.0734375 0.4421875
1 0.31015625 0.50703125 0.08125 0.4171875
1 0.34921875 0.48984375 0.059375 0.4203125
1 0.378125 0.4875 0.05625 0.4078125
1 0.40546875 0.4984375 0.05 0.3703125
1 0.4296875 0.48203125 0.053125 0.390625
1 0.4515625 0.459375 0.0578125 0.4140625
1 0.4765625 0.46328125 0.0609375 0.396875
1 0.4984375 0.46015625 0.05625 0.3859375
1 0.5265625 0.45703125 0.071875 0.3859375
1 0.553125 0.45078125 0.0609375 0.3765625
1 0.5765625 0.446875 0.075 0.3765625
1 0.61640625 0.45859375 0.0859375 0.3296875
1 0.646875 0.43828125 0.06875 0.346875
1 0.6671875 0.4578125 0.0578125 0.2953125
1 0.71875 0.43984375 0.084375 0.3109375
1 0.7578125 0.425 0.0578125 0.303125
1 0.74453125 0.459375 0.04375 0.2421875
1 0.78203125 0.41875 0.0703125 0.3140625
1 0.80625 0.41328125 0.065625 0.30625
1 0.8203125 0.42421875 0.0546875 0.278125
1 0.8328125 0.41640625 0.0546875 0.284375
1 0.84296875 0.41484375 0.0609375 0.290625
1 0.86796875 0.4109375 0.065625 0.2828125
1 0.7 0.85 0.071875 0.2765625
1 0.72265625 0.84765625 0.0578125 0.2765625
1 0.73359375 0.840625 0.05625 0.2828125
1 0.75390625 0.84296875 0.053125 0.2578125
1 0.77265625 0.8578125 0.04375 0.2140625
1 0.78984375 0.82421875 0.053125 0.2609375
1 0.8046875 0.81015625 0.0546875 0.2671875
1 0.81875 0.81796875 0.053125 0.2359375
1 0.8375 0.79453125 0.0578125 0.2640625
1 0.85390625 0.79609375 0.05 0.2328125
1 0.8734375 0.784375 0.0484375 0.2234375
1 0.8640625 0.7796875 0.046875 0.2359375