1 0.83125 0.64609375 0.1234375 0.60625
1 0.74765625 0.64140625 0.1015625 0.553125
1 0.68359375 0.62265625 0.0828125 0.5390625
1 0.61328125 0.63828125 0.1 0.4765625
1 0.56171875 0.59765625 0.0734375 0.4921875
1 0.515625 0.61796875 0.06875 0.428125
1 0.47109375 0.609375 0.06875 0.4171875
1 0.42265625 0.58046875 0.0859375 0.4421875
1 0.378125 0.58359375 0.0671875 0.403125
1 0.334375 0.5765625 0.0765625 0.3859375
1 0.2890625 0.540625 0.0890625 0.425
1 0.25 0.54609375 0.075 0.371875
1 0.18984375 0.54296875 0.0578125 0.3234375
1 0.16015625 0.55546875 0.0546875 0.2828125
1 0.1453125 0.52265625 0.0609375 0.3359375
1 0.12265625 0.53671875 0.05625 0.3015625
1 0.10859375 0.55703125 0.040625 0.2359375
1 0.09296875 0.528125 0.0546875 0.2875
1 0.07421875 0.5140625 0.0703125 0.3046875
1 0.05 0.52734375 0.0578125 0.2625
1 0.034375 0.509375 0.065625 0.28125