1 0.7484375 0.471875 0.0921875 0.5609375
1 0.67421875 0.49140625 0.06875 0.5140625
1 0.615625 0.5359375 0.075 0.4328125
1 0.521875 0.534375 0.05625 0.4296875
1 0.5625 0.50625 0.040625 0.484375
1 0.4671875 0.534375 0.040625 0.4171875
1 0.42265625 0.559375 0.06875 0.353125
1 0.36484375 0.54296875 0.1 0.3890625
1 0.31640625 0.53984375 0.0625 0.3859375
1 0.27890625 0.56796875 0.059375 0.3359375
1 0.22109375 0.5703125 0.1015625 0.31875
1 0.153125 0.565625 0.0515625 0.3203125
1 0.125 0.56640625 0.0625 0.31875
1 0.05625 0.58828125 0.0484375 0.2734375