1 0.80390625 0.69609375 0.2140625 0.6078125
1 0.72265625 0.678125 0.1859375 0.553125
1 0.6625 0.64921875 0.165625 0.5359375
1 0.58984375 0.65390625 0.1703125 0.478125
1 0.5453125 0.60625 0.1484375 0.4890625
1 0.496875 0.61953125 0.134375 0.4265625
1 0.45390625 0.60390625 0.1328125 0.415625
1 0.41171875 0.5671875 0.153125 0.44375
1 0.36640625 0.56328125 0.128125 0.403125
1 0.32421875 0.55 0.134375 0.3875
1 0.28515625 0.50703125 0.153125 0.428125
1 0.24609375 0.50703125 0.13125 0.371875
1 0.18671875 0.49375 0.10625 0.3234375
1 0.15546875 0.5015625 0.0984375 0.2828125
1 0.14609375 0.4671875 0.1125 0.334375
1 0.121875 0.47734375 0.1015625 0.3015625
1 0.1046875 0.4953125 0.075 0.234375
1 0.09375 0.4640625 0.0984375 0.2875
1 0.07734375 0.446875 0.115625 0.30625
1 0.0515625 0.45625 0.096875 0.2640625
1 0.04609375 0.43515625 0.0921875 0.2828125