1 0.8484375 0.59921875 0.14375 0.6078125
1 0.76484375 0.60546875 0.1203125 0.5546875
1 0.69921875 0.5953125 0.1015625 0.5390625
1 0.63125 0.62109375 0.115625 0.4765625
1 0.57421875 0.58828125 0.090625 0.4921875
1 0.53203125 0.61484375 0.084375 0.428125
1 0.4859375 0.6125 0.084375 0.4171875
1 0.43515625 0.590625 0.1 0.44375
1 0.39140625 0.6 0.0796875 0.4046875
1 0.34609375 0.59921875 0.0890625 0.3859375
1 0.296875 0.56953125 0.103125 0.4265625
1 0.259375 0.58046875 0.0875 0.371875
1 0.1984375 0.5859375 0.06875 0.3234375
1 0.17109375 0.60234375 0.065625 0.284375
1 0.1515625 0.571875 0.0734375 0.3359375
1 0.13125 0.5890625 0.0671875 0.3015625
1 0.12109375 0.6109375 0.0484375 0.2359375
1 0.10078125 0.584375 0.0640625 0.2875
1 0.08046875 0.57265625 0.08125 0.3046875
1 0.05859375 0.58984375 0.065625 0.2640625
1 0.03984375 0.57421875 0.075 0.2828125