1 0.71640625 0.67890625 0.2484375 0.540625
1 0.64375 0.64453125 0.25625 0.54375
1 0.5890625 0.62734375 0.2140625 0.5109375
1 0.48203125 0.62890625 0.2328125 0.446875
1 0.42421875 0.57421875 0.1875 0.475
1 0.36796875 0.56796875 0.16875 0.43125
1 0.328125 0.5640625 0.1640625 0.415625
1 0.234375 0.10546875 0.125 0.2109375
1 0.14921875 0.109375 0.1109375 0.21875
1 0.296875 0.5578125 0.1546875 0.390625
1 0.26171875 0.5671875 0.134375 0.34375
1 0.209375 0.521875 0.1359375 0.371875
1 0.14140625 0.51328125 0.1140625 0.328125
1 0.11328125 0.49765625 0.11875 0.334375
1 0.0859375 0.48515625 0.11875 0.334375
1 0.05859375 0.47890625 0.1109375 0.3171875
1 0.03984375 0.49921875 0.0796875 0.2609375
1 0.03359375 0.46953125 0.0671875 0.3015625