0 0.07572115384615384 0.44591346153846156 0.13822115384615385 0.18990384615384615
0 0.13701923076923078 0.5600961538461539 0.0985576923076923 0.1971153846153846
0 0.2403846153846154 0.44591346153846156 0.14423076923076922 0.19951923076923078
0 0.3173076923076923 0.5685096153846154 0.0829326923076923 0.19471153846153846
0 0.3918269230769231 0.44711538461538464 0.08774038461538461 0.19951923076923078
0 0.4639423076923077 0.5709134615384616 0.08052884615384616 0.1875
0 0.5360576923076923 0.44471153846153844 0.09975961538461539 0.21153846153846154
0 0.6117788461538461 0.5733173076923077 0.07091346153846154 0.171875
0 0.6814903846153846 0.4495192307692308 0.1045673076923077 0.19831730769230768
0 0.7548076923076923 0.5733173076923077 0.09735576923076923 0.18629807692307693
0 0.8040865384615384 0.45913461538461536 0.11899038461538461 0.22115384615384615
0 0.8798076923076923 0.5685096153846154 0.09014423076923077 0.18629807692307693
0 0.9411057692307693 0.43990384615384615 0.1045673076923077 0.18269230769230768